0 0.43828125 0.4984375 0.1171875 0.175
0 0.45625 0.61953125 0.13515625 0.1046875
0 0.3234375 0.54453125 0.10625 0.0984375
0 0.50859375 0.315625 0.09296875 0.11328125
0 0.5375 0.4359375 0.10234375 0.0984375
0 0.57421875 0.5578125 0.11875 0.11328125
0 0.58125 0.659375 0.09609375 0.09453125
0 0.5328125 0.74921875 0.08671875 0.096875
0 0.66484375 0.85703125 0.1171875 0.10234375
0 0.6125 0.80625 0.1234375 0.12109375
0 0.4671875 0.68515625 0.146875 0.15390625
0 0.33359375 0.77265625 0.1171875 0.1890625
0 0.24140625 0.74609375 0.075 0.10234375
0 0.321875 0.63671875 0.12734375 0.10234375
0 0.225 0.55078125 0.075 0.13125
0 0.625 0.3390625 0.1125 0.1765625
0 0.52109375 0.20546875 0.09609375 0.090625
0 0.41953125 0.21484375 0.09453125 0.17890625
0 0.315625 0.1984375 0.11875 0.175
0 0.21328125 0.37109375 0.078125 0.13359375
0 0.16796875 0.2546875 0.1625 0.10703125
0 0.071875 0.1828125 0.12578125 0.1234375
0 0.14609375 0.09453125 0.17265625 0.13125
0 0.06015625 0.021875 0.1109375 0.04296875
0 0.01796875 0.09453125 0.0359375 0.15625
0 0.01875 0.28046875 0.0375 0.1828125
0 0.07734375 0.44140625 0.1546875 0.17265625
0 0.16484375 0.52109375 0.1109375 0.10078125
0 0.18671875 0.63984375 0.13984375 0.14140625
0 0.3328125 0.4203125 0.13046875 0.14140625
0 0.41171875 0.37265625 0.1125 0.14609375
0 0.30625 0.3109375 0.08984375 0.08046875
0 0.05234375 0.60625 0.08984375 0.12734375
0 0.08828125 0.6875 0.1140625 0.1171875
0 0.1671875 0.7625 0.10390625 0.10703125
0 0.090625 0.809375 0.0796875 0.09453125
0 0.225 0.1640625 0.09296875 0.10234375
0 0.2875 0.06875 0.09140625 0.1375
0 0.38046875 0.0640625 0.046875 0.12734375
0 0.56875 0.14765625 0.084375 0.09453125
0 0.62265625 0.3390625 0.121875 0.18046875
0 0.7125 0.240625 0.121875 0.12734375
0 0.78046875 0.1359375 0.13203125 0.10703125
0 0.625 0.06796875 0.11875 0.13125
0 0.5265625 0.05859375 0.078125 0.07578125
0 0.48671875 0.10546875 0.1078125 0.0921875
0 0.1390625 0.86640625 0.12734375 0.08828125
0 0.04296875 0.85859375 0.0859375 0.0859375
0 0.02890625 0.75234375 0.05703125 0.13984375
0 0.25078125 0.83828125 0.10546875 0.11953125
0 0.34609375 0.8578125 0.121875 0.0921875
0 0.50078125 0.87109375 0.16953125 0.06953125
0 0.67265625 0.60703125 0.1078125 0.1296875
0 0.7484375 0.56171875 0.10390625 0.11328125
0 0.69453125 0.45390625 0.13046875 0.0984375
0 0.803125 0.37421875 0.1140625 0.22578125
0 0.84609375 0.50546875 0.05859375 0.14375
0 0.9109375 0.44921875 0.1140625 0.13359375
0 0.9140625 0.33359375 0.1109375 0.08046875
0 0.86640625 0.2546875 0.084375 0.10703125
0 0.9640625 0.303125 0.071875 0.11328125
0 0.9640625 0.1265625 0.071875 0.11328125
0 0.94453125 0.0390625 0.08984375 0.078125
0 0.7109375 0.0640625 0.0734375 0.11953125
0 0.77890625 0.04140625 0.06875 0.08203125
0 0.83828125 0.084375 0.09453125 0.078125
0 0.47421875 0.81640625 0.15 0.084375
0 0.759375 0.66953125 0.071875 0.090625
0 0.8609375 0.6828125 0.12734375 0.1171875
0 0.9375 0.725 0.06484375 0.078125
0 0.96953125 0.64921875 0.06015625 0.1359375
0 0.821875 0.82265625 0.09765625 0.14609375
0 0.9046875 0.82734375 0.109375 0.1375
0 0.97734375 0.7703125 0.0453125 0.09453125
0 0.9640625 0.8703125 0.07109375 0.07578125
0 0.7640625 0.759375 0.09296875 0.12109375
0 0.9421875 0.21171875 0.10078125 0.11484375
0 0.83046875 0.21796875 0.06640625 0.1109375
0 0.62578125 0.20625 0.05703125 0.096875
0 0.665625 0.734375 0.0828125 0.1375
0 0.71875 0.33671875 0.084375 0.09453125
0 0.94375 0.503125 0.1125 0.14375
0 0.85625 0.62421875 0.13359375 0.090625
0 0.75390625 0.840625 0.06015625 0.13984375
0 0.84375 0.025 0.0859375 0.04921875
0 0.16015625 0.0171875 0.0765625 0.034375