0 0.83828125 0.421875 0.2328125 0.15625
0 0.73828125 0.4984375 0.19453125 0.09921875
0 0.81875 0.57421875 0.15390625 0.10546875
0 0.6078125 0.5578125 0.2046875 0.1484375
0 0.4828125 0.4375 0.221875 0.153125
0 0.07578125 0.0875 0.15078125 0.12890625
0 0.0765625 0.03046875 0.153125 0.0609375
0 0.2140625 0.10234375 0.14453125 0.09609375
0 0.08828125 0.21171875 0.1765625 0.1453125
0 0.04453125 0.3046875 0.0890625 0.1015625
0 0.1171875 0.34375 0.16328125 0.12890625
0 0.0359375 0.41328125 0.071875 0.1046875
0 0.1296875 0.43828125 0.1421875 0.109375
0 0.0609375 0.5765625 0.121875 0.1125
0 0.06875 0.67734375 0.1375 0.1234375
0 0.078125 0.7765625 0.15625 0.05859375
0 0.06640625 0.8546875 0.1328125 0.10546875
0 0.11640625 0.90625 0.16796875 0.06484375
0 0.2109375 0.878125 0.15078125 0.1171875
0 0.29765625 0.78828125 0.17890625 0.10859375
0 0.3625 0.8625 0.20625 0.14765625
0 0.19453125 0.66796875 0.17890625 0.1203125
0 0.3609375 0.684375 0.15390625 0.10703125
0 0.209375 0.57109375 0.1328125 0.1390625
0 0.246875 0.34375 0.21875 0.0984375
0 0.2484375 0.2625 0.17890625 0.07578125
0 0.2375 0.01875 0.178125 0.0375
0 0.353125 0.1125 0.184375 0.1265625
0 0.3640625 0.23359375 0.134375 0.09609375
0 0.2171875 0.20234375 0.134375 0.06640625
0 0.49296875 0.1828125 0.1484375 0.09609375
0 0.53203125 0.0921875 0.1625 0.07734375
0 0.65 0.06328125 0.190625 0.12109375
0 0.39453125 0.028125 0.2 0.05625
0 0.62109375 0.20625 0.15625 0.1140625
0 0.48828125 0.29765625 0.26640625 0.16328125
0 0.284375 0.48125 0.140625 0.09140625
0 0.38671875 0.5828125 0.228125 0.15078125
0 0.4890625 0.65859375 0.13203125 0.1421875
0 0.596875 0.67578125 0.140625 0.12265625
0 0.5671875 0.8015625 0.21640625 0.13828125
0 0.6625 0.82265625 0.10234375 0.07578125
0 0.51171875 0.8765625 0.10625 0.0703125
0 0.54296875 0.9265625 0.15625 0.02109375
0 0.67421875 0.88671875 0.21875 0.09453125
0 0.69453125 0.4125 0.20078125 0.13828125
0 0.7296875 0.30078125 0.13046875 0.08515625
0 0.928125 0.10859375 0.14375 0.17265625
0 0.83828125 0.1984375 0.17265625 0.08671875
0 0.98046875 0.240625 0.0390625 0.07578125
0 0.86484375 0.30546875 0.140625 0.1
0 0.97421875 0.4703125 0.05078125 0.09296875
0 0.95546875 0.5296875 0.08828125 0.059375
0 0.8984375 0.64453125 0.15625 0.08671875
0 0.97890625 0.6546875 0.0421875 0.08046875
0 0.7734375 0.6765625 0.22421875 0.1578125
0 0.828125 0.79765625 0.24140625 0.16875
0 0.95 0.8265625 0.1 0.115625
0 0.9796875 0.72734375 0.040625 0.0578125
0 0.946875 0.9078125 0.10546875 0.05390625
0 0.98046875 0.36171875 0.0390625 0.10703125
0 0.79375 0.04609375 0.109375 0.0921875