0 0.50390625 0.3265625 0.15 0.1796875
0 0.6125 0.39296875 0.14453125 0.1671875
0 0.73828125 0.253125 0.15703125 0.20703125
0 0.21484375 0.171875 0.18046875 0.24453125
0 0.346875 0.1 0.15703125 0.19921875
0 0.2203125 0.0546875 0.13359375 0.109375
0 0.08828125 0.10234375 0.13359375 0.2046875
0 0.0484375 0.18125 0.096875 0.225
0 0.1953125 0.36796875 0.2046875 0.146875
0 0.04609375 0.371875 0.0921875 0.196875
0 0.02890625 0.58046875 0.0578125 0.1546875
0 0.140625 0.69921875 0.16796875 0.20703125
0 0.03203125 0.73828125 0.0640625 0.16953125
0 0.07421875 0.86015625 0.14765625 0.1
0 0.27109375 0.678125 0.12265625 0.134375
0 0.21796875 0.534375 0.15546875 0.16171875
0 0.371875 0.41171875 0.14765625 0.134375
0 0.53359375 0.13125 0.1203125 0.20703125
0 0.59609375 0.05234375 0.07890625 0.0796875
0 0.35390625 0.28828125 0.146875 0.16328125
0 0.4109375 0.21015625 0.10234375 0.15546875
0 0.34375 0.54375 0.146875 0.14609375
0 0.39609375 0.66015625 0.10234375 0.14609375
0 0.24296875 0.81640625 0.20625 0.1671875
0 0.546875 0.721875 0.18203125 0.159375
0 0.421875 0.7859375 0.153125 0.16953125
0 0.4609375 0.88046875 0.16328125 0.059375
0 0.48984375 0.55859375 0.14609375 0.1875
0 0.7625 0.54375 0.14140625 0.19296875
0 0.61328125 0.54609375 0.1875 0.16953125
0 0.909375 0.59765625 0.1296875 0.19140625
0 0.80859375 0.8671875 0.16171875 0.0828125
0 0.7296875 0.70703125 0.14609375 0.16953125
0 0.84296875 0.1734375 0.15 0.18125
0 0.69609375 0.0796875 0.13125 0.159375
0 0.61640625 0.22265625 0.14453125 0.165625
0 0.8984375 0.0453125 0.15703125 0.090625
0 0.79921875 0.0375 0.0796875 0.075
0 0.9296875 0.21875 0.140625 0.2375
0 0.96015625 0.4078125 0.07890625 0.16953125
0 0.98125 0.5484375 0.0375 0.09765625
0 0.93828125 0.7234375 0.1234375 0.13359375
0 0.94453125 0.85078125 0.1109375 0.10625
0 0.7671875 0.7671875 0.1546875 0.14375
0 0.59140625 0.83671875 0.175 0.13984375
0 0.79140625 0.384375 0.1515625 0.2125