0 0.496875 0.37265625 0.21484375 0.2953125
0 0.1203125 0.4046875 0.20703125 0.209375
0 0.1578125 0.56171875 0.2125 0.18671875
0 0.27265625 0.196875 0.2109375 0.25859375
0 0.04375 0.2625 0.0875 0.21484375
0 0.03984375 0.48671875 0.0796875 0.17578125
0 0.30859375 0.55625 0.20703125 0.25390625
0 0.58671875 0.47265625 0.16328125 0.240625
0 0.60625 0.14375 0.21640625 0.25078125
0 0.725 0.28046875 0.1921875 0.21484375
0 0.771875 0.44765625 0.165625 0.23828125
0 0.88203125 0.52109375 0.18046875 0.1734375
0 0.69140625 0.640625 0.19375 0.16796875
0 0.46640625 0.64453125 0.24921875 0.3
0 0.30078125 0.76484375 0.165625 0.2875
0 0.51171875 0.0734375 0.1765625 0.146875
0 0.38359375 0.053125 0.0796875 0.10625
0 0.10625 0.74765625 0.20859375 0.3109375
0 0.4453125 0.8640625 0.21875 0.0828125
0 0.6609375 0.81875 0.07578125 0.16328125
0 0.77578125 0.78671875 0.1578125 0.17578125
0 0.95078125 0.76328125 0.09765625 0.19140625
0 0.8921875 0.64921875 0.215625 0.0984375
0 0.9546875 0.51484375 0.08984375 0.196875
0 0.90859375 0.309375 0.1828125 0.26640625
0 0.95703125 0.14140625 0.0859375 0.23515625
0 0.84609375 0.10703125 0.115625 0.16328125
0 0.7453125 0.05703125 0.10859375 0.1140625
0 0.034375 0.0890625 0.06875 0.178125
0 0.29375 0.38828125 0.14609375 0.18125
0 0.85 0.8796875 0.19765625 0.06328125