0 0.08046875 0.31015625 0.15625 0.34375
0 0.23359375 0.35078125 0.14375 0.31953125
0 0.06015625 0.6203125 0.1203125 0.3546875
0 0.13125 0.7078125 0.1265625 0.2234375
0 0.03359375 0.67734375 0.06640625 0.28359375
0 0.2171875 0.63125 0.1359375 0.234375
0 0.25078125 0.7609375 0.1203125 0.1171875
0 0.05546875 0.08125 0.0890625 0.1625
0 0.16015625 0.209375 0.1171875 0.40390625
0 0.196875 0.04765625 0.071875 0.0953125
0 0.27890625 0.10625 0.15234375 0.2125
0 0.33515625 0.3140625 0.13984375 0.28046875
0 0.38046875 0.4875 0.1453125 0.2875
0 0.375 0.734375 0.1375 0.17734375
0 0.46171875 0.634375 0.125 0.20546875
0 0.5484375 0.7375 0.09453125 0.16328125
0 0.43125 0.1578125 0.14765625 0.2234375
0 0.38828125 0.03203125 0.13046875 0.0640625
0 0.528125 0.06015625 0.16015625 0.1203125
0 0.53828125 0.196875 0.1265625 0.2515625
0 0.48203125 0.421875 0.14765625 0.29765625
0 0.58828125 0.55 0.11171875 0.290625
0 0.62890625 0.24609375 0.12421875 0.315625
0 0.69765625 0.0640625 0.16640625 0.12734375
0 0.7203125 0.384375 0.1703125 0.2515625
0 0.6578125 0.70390625 0.0890625 0.23046875
0 0.74140625 0.659375 0.128125 0.31171875
0 0.784375 0.16640625 0.13359375 0.20546875
0 0.9203125 0.10625 0.1546875 0.2125
0 0.96015625 0.24453125 0.0796875 0.2765625
0 0.8265625 0.328125 0.125 0.25859375
0 0.87421875 0.48046875 0.115625 0.209375
0 0.878125 0.64921875 0.134375 0.290625
0 0.9625 0.50546875 0.075 0.3015625
0 0.9328125 0.78359375 0.134375 0.078125