0 0.46796875 0.31875 0.1890625 0.2171875
0 0.3328125 0.11484375 0.20234375 0.2296875
0 0.26328125 0.35546875 0.1953125 0.21484375
0 0.06953125 0.18515625 0.1390625 0.2609375
0 0.1296875 0.06953125 0.15 0.1390625
0 0.046875 0.3875 0.09375 0.15390625
0 0.025 0.51796875 0.05 0.15390625
0 0.1609375 0.49296875 0.0859375 0.1515625
0 0.253125 0.515625 0.159375 0.13515625
0 0.5203125 0.0984375 0.14375 0.196875
0 0.4625 0.51484375 0.19375 0.1953125
0 0.3 0.68359375 0.209375 0.2046875
0 0.14296875 0.69296875 0.1734375 0.209375
0 0.05078125 0.796875 0.1015625 0.22421875
0 0.23203125 0.84140625 0.12734375 0.13515625
0 0.65390625 0.434375 0.1296875 0.3109375
0 0.5421875 0.7125 0.190625 0.2453125
0 0.46640625 0.86015625 0.18046875 0.09609375
0 0.80703125 0.4734375 0.14453125 0.14140625
0 0.9078125 0.29765625 0.18359375 0.2609375
0 0.91953125 0.5515625 0.16015625 0.2578125
0 0.69921875 0.103125 0.2390625 0.20625
0 0.90546875 0.09453125 0.1890625 0.1890625
0 0.74453125 0.346875 0.1078125 0.13671875
0 0.70703125 0.66171875 0.221875 0.27109375
0 0.95390625 0.784375 0.0921875 0.24296875
0 0.83125 0.8171875 0.175 0.171875
0 0.6421875 0.859375 0.16015625 0.09375