0 0.821875 0.578125 0.35546875 0.31875
0 0.840625 0.278125 0.31796875 0.30234375
0 0.771875 0.05703125 0.2203125 0.1140625
0 0.97890625 0.08125 0.0421875 0.1625
0 0.39765625 0.2109375 0.38203125 0.36171875
0 0.1375 0.06796875 0.19140625 0.13515625
0 0.13984375 0.33203125 0.253125 0.37578125
0 0.0796875 0.63046875 0.159375 0.2765625
0 0.0140625 0.26953125 0.028125 0.3046875
0 0.53984375 0.07578125 0.26640625 0.1515625
0 0.4203125 0.43671875 0.27578125 0.30234375
0 0.50546875 0.7078125 0.2640625 0.359375
0 0.23984375 0.61640625 0.32421875 0.28046875
0 0.13125 0.834375 0.24921875 0.17109375
0 0.40234375 0.8765625 0.27109375 0.0765625
0 0.64296875 0.87109375 0.1890625 0.09765625
0 0.85546875 0.809375 0.2890625 0.1765625
0 0.6140625 0.36328125 0.29140625 0.24765625