0 0.55703125 0.52109375 0.23046875 0.18828125
0 0.1828125 0.41484375 0.18984375 0.1703125
0 0.3796875 0.38359375 0.1625 0.25
0 0.21171875 0.2203125 0.30390625 0.2765625
0 0.0453125 0.08046875 0.090625 0.13515625
0 0.13046875 0.021875 0.2203125 0.04375
0 0.88359375 0.8171875 0.2140625 0.18828125
0 0.67109375 0.75 0.2 0.2390625
0 0.33125 0.6296875 0.1625 0.0953125
0 0.31171875 0.79453125 0.2109375 0.2125
0 0.046875 0.62109375 0.09375 0.16015625
0 0.05234375 0.425 0.10390625 0.234375
0 0.96328125 0.58515625 0.07265625 0.2234375
0 0.66953125 0.859375 0.1578125 0.0953125
0 0.415625 0.86953125 0.09453125 0.075
0 0.06796875 0.78359375 0.1359375 0.1078125
0 0.078125 0.8703125 0.15625 0.06875
0 0.23359375 0.8375 0.18515625 0.1390625
0 0.534375 0.68828125 0.1625 0.20390625