0 0.4875 0.1875 0.1890625 0.23046875
0 0.59453125 0.05234375 0.2484375 0.1046875
0 0.76875 0.1015625 0.15546875 0.203125
0 0.89609375 0.1359375 0.2078125 0.20625
0 0.95390625 0.315625 0.0921875 0.228125
0 0.8453125 0.3515625 0.153125 0.21171875
0 0.68359375 0.290625 0.14453125 0.2
0 0.50546875 0.44375 0.20234375 0.22734375
0 0.30546875 0.35703125 0.14453125 0.27265625
0 0.24140625 0.11796875 0.23359375 0.22421875
0 0.12890625 0.17734375 0.09765625 0.16640625
0 0.2234375 0.3953125 0.153125 0.2453125
0 0.08359375 0.478125 0.16640625 0.2546875
0 0.03203125 0.2890625 0.0640625 0.190625
0 0.321875 0.79453125 0.10703125 0.16015625
0 0.378125 0.58125 0.24453125 0.284375
0 0.2203125 0.66875 0.21328125 0.1875
0 0.08515625 0.7421875 0.1703125 0.25703125
0 0.178125 0.84765625 0.1640625 0.109375
0 0.5890625 0.61640625 0.18203125 0.20859375
0 0.71875 0.51015625 0.2203125 0.20859375
0 0.9296875 0.7703125 0.13984375 0.2390625
0 0.79140625 0.684375 0.16875 0.1875
0 0.75703125 0.83984375 0.2421875 0.1359375
0 0.496875 0.8140625 0.25078125 0.17578125
0 0.95078125 0.50390625 0.09765625 0.1609375
0 0.11328125 0.0375 0.1765625 0.075
0 0.36328125 0.046875 0.17109375 0.09375
0 0.021875 0.0859375 0.04375 0.171875
0 0.12109375 0.31328125 0.11328125 0.2390625
0 0.8625 0.4421875 0.10703125 0.22421875