0 0.628125 0.340625 0.21953125 0.24453125
0 0.3890625 0.16171875 0.19140625 0.2515625
0 0.23984375 0.21484375 0.13515625 0.2328125
0 0.178125 0.43828125 0.184375 0.20625
0 0.3890625 0.40234375 0.11796875 0.23984375
0 0.31171875 0.5921875 0.19140625 0.278125
0 0.09609375 0.596875 0.15625 0.31171875
0 0.76171875 0.3078125 0.15625 0.1796875
0 0.815625 0.15 0.153125 0.21328125
0 0.55546875 0.08515625 0.1703125 0.1703125
0 0.75078125 0.08125 0.1609375 0.1625
0 0.93359375 0.0578125 0.13203125 0.11484375
0 0.96484375 0.14765625 0.0703125 0.1078125
0 0.9328125 0.29375 0.134375 0.2375
0 0.97421875 0.4671875 0.0515625 0.19140625
0 0.9078125 0.5359375 0.1828125 0.21796875
0 0.8828125 0.7640625 0.234375 0.25390625
0 0.64375 0.7453125 0.17734375 0.26875
0 0.68125 0.56796875 0.14375 0.20625
0 0.4875 0.796875 0.26484375 0.21796875
0 0.140625 0.71796875 0.171875 0.1609375
0 0.29453125 0.79375 0.22265625 0.2109375
0 0.05078125 0.8296875 0.1015625 0.1484375
0 0.0609375 0.25546875 0.12109375 0.175
0 0.03359375 0.07265625 0.06640625 0.1453125
0 0.16484375 0.13671875 0.140625 0.15859375
0 0.5046875 0.4984375 0.13515625 0.24921875