0 0.9515625 0.2828125 0.096875 0.2015625
0 0.94765625 0.09609375 0.1046875 0.1921875
0 0.815625 0.09296875 0.1609375 0.1859375
0 0.62578125 0.13515625 0.1921875 0.25078125
0 0.43203125 0.1078125 0.1015625 0.215625
0 0.3203125 0.159375 0.19140625 0.28359375
0 0.275 0.0578125 0.196875 0.115625
0 0.0609375 0.15390625 0.12109375 0.1953125
0 0.090625 0.02265625 0.1375 0.04453125
0 0.675 0.0328125 0.20703125 0.065625
0 0.0640625 0.32109375 0.128125 0.21640625
0 0.2203125 0.253125 0.246875 0.20625
0 0.23671875 0.40546875 0.21484375 0.209375
0 0.06875 0.5875 0.1375 0.2203125
0 0.403125 0.45390625 0.22265625 0.21640625
0 0.49609375 0.340625 0.15078125 0.29609375
0 0.7125 0.33984375 0.23046875 0.2453125
0 0.8296875 0.44921875 0.23671875 0.259375
0 0.62890625 0.56015625 0.23359375 0.21640625
0 0.63046875 0.79140625 0.26015625 0.234375
0 0.3828125 0.821875 0.27578125 0.18203125
0 0.11640625 0.82109375 0.196875 0.175
0 0.17890625 0.715625 0.24453125 0.22109375
0 0.396875 0.65625 0.2625 0.21796875
0 0.97734375 0.57109375 0.04453125 0.240625
0 0.98671875 0.784375 0.02578125 0.1875
0 0.8625 0.69140625 0.2203125 0.28125
0 0.79921875 0.8609375 0.2046875 0.090625