0 0.95703125 0.18046875 0.0859375 0.228125
0 0.884375 0.05703125 0.23046875 0.1109375
0 0.6640625 0.03515625 0.11875 0.0703125
0 0.51328125 0.0640625 0.2421875 0.128125
0 0.346875 0.05625 0.128125 0.1125
0 0.23203125 0.0328125 0.1109375 0.065625
0 0.13203125 0.12421875 0.22265625 0.24765625
0 0.83125 0.2390625 0.2046875 0.19453125
0 0.0453125 0.21875 0.090625 0.1640625
0 0.02109375 0.0671875 0.0421875 0.134375
0 0.11171875 0.36875 0.2234375 0.253125
0 0.2609375 0.2 0.2 0.21484375
0 0.3875 0.21640625 0.13828125 0.2390625
0 0.55078125 0.2203125 0.22421875 0.20546875
0 0.7421875 0.1390625 0.24375 0.19453125
0 0.91015625 0.40234375 0.1796875 0.2140625
0 0.89375 0.571875 0.1578125 0.23203125
0 0.9703125 0.5609375 0.059375 0.2
0 0.69921875 0.3859375 0.20625 0.23203125
0 0.509375 0.415625 0.18671875 0.21640625
0 0.37890625 0.43984375 0.13515625 0.2125
0 0.09375 0.5828125 0.18671875 0.228125
0 0.27890625 0.59296875 0.2046875 0.22109375
0 0.2921875 0.5109375 0.18203125 0.190625
0 0.46796875 0.553125 0.175 0.22109375
0 0.69140625 0.51875 0.253125 0.25
0 0.79609375 0.69609375 0.19296875 0.1921875
0 0.978125 0.728125 0.04375 0.14140625
0 0.95859375 0.84609375 0.0828125 0.1265625
0 0.88984375 0.79296875 0.1625 0.23203125
0 0.759375 0.8671875 0.11875 0.084375
0 0.703125 0.81875 0.15234375 0.16796875
0 0.6125 0.71015625 0.175 0.18125
0 0.08671875 0.803125 0.1734375 0.21640625
0 0.51640625 0.78671875 0.21796875 0.2453125
0 0.353125 0.74453125 0.18671875 0.18359375
0 0.34296875 0.85859375 0.14296875 0.1015625
0 0.225 0.8546875 0.10859375 0.10859375