0 0.51796875 0.5328125 0.1703125 0.20078125
0 0.25703125 0.6125 0.19609375 0.1984375
0 0.403125 0.25703125 0.228125 0.13203125
0 0.71328125 0.31171875 0.15 0.1671875
0 0.5453125 0.37734375 0.2046875 0.16484375
0 0.36875 0.3828125 0.15703125 0.18671875
0 0.21484375 0.396875 0.1359375 0.16484375
0 0.15078125 0.45390625 0.128125 0.16875
0 0.03671875 0.69921875 0.0734375 0.1921875
0 0.09140625 0.82890625 0.1484375 0.16328125
0 0.2984375 0.878125 0.1484375 0.06484375
0 0.23203125 0.803125 0.12109375 0.1078125
0 0.34296875 0.8125 0.1140625 0.19296875
0 0.459375 0.628125 0.1890625 0.21796875
0 0.65625 0.6625 0.09921875 0.26328125
0 0.58359375 0.8140625 0.096875 0.1890625
0 0.67734375 0.8828125 0.078125 0.05078125
0 0.7125 0.8046875 0.1484375 0.2125
0 0.85078125 0.83671875 0.12265625 0.14375
0 0.95703125 0.825 0.0859375 0.16328125
0 0.94453125 0.709375 0.1109375 0.171875
0 0.80859375 0.653125 0.1875 0.1609375
0 0.49296875 0.8015625 0.17734375 0.15546875
0 0.14453125 0.76171875 0.146875 0.16328125
0 0.0515625 0.5171875 0.10234375 0.22421875
0 0.05 0.36640625 0.1 0.2171875
0 0.178125 0.28515625 0.12265625 0.16484375
0 0.08984375 0.16640625 0.171875 0.190625
0 0.234375 0.171875 0.12578125 0.15546875
0 0.29765625 0.32421875 0.08984375 0.16875
0 0.4078125 0.1203125 0.16875 0.17734375
0 0.30078125 0.12109375 0.10234375 0.175
0 0.265625 0.03671875 0.13828125 0.07265625
0 0.13515625 0.0640625 0.16875 0.128125
0 0.0203125 0.06015625 0.03984375 0.11953125
0 0.4984375 0.10703125 0.165625 0.1671875
0 0.41796875 0.01640625 0.165625 0.0328125
0 0.61171875 0.16015625 0.2078125 0.25
0 0.80078125 0.19765625 0.18046875 0.17109375
0 0.85703125 0.3453125 0.1375 0.1671875
0 0.95 0.234375 0.09921875 0.2125
0 0.91796875 0.075 0.1515625 0.15
0 0.33671875 0.55 0.16328125 0.17109375
0 0.9359375 0.3953125 0.128125 0.1375
0 0.9203125 0.52265625 0.15859375 0.14609375
0 0.7859375 0.49296875 0.13984375 0.13203125
0 0.68671875 0.46328125 0.14609375 0.13203125
0 0.72265625 0.05234375 0.2234375 0.10390625
0 0.13125 0.63203125 0.05234375 0.11640625