0 0.5109375 0.22109375 0.30234375 0.21171875
0 0.66796875 0.04375 0.321875 0.0875
0 0.90859375 0.07734375 0.18203125 0.15390625
0 0.93671875 0.2296875 0.1265625 0.17578125
0 0.896875 0.40546875 0.19765625 0.17578125
0 0.7625 0.51875 0.253125 0.2453125
0 0.62890625 0.44765625 0.24921875 0.22421875
0 0.41796875 0.4234375 0.2 0.21171875
0 0.303125 0.33125 0.11796875 0.1359375
0 0.22421875 0.17578125 0.21796875 0.2
0 0.3875 0.0984375 0.184375 0.196875
0 0.1046875 0.08203125 0.18203125 0.16328125
0 0.03359375 0.13125 0.06640625 0.17265625
0 0.08984375 0.25703125 0.1796875 0.12734375
0 0.02109375 0.39609375 0.0421875 0.07890625
0 0.16015625 0.4171875 0.2265625 0.2
0 0.32578125 0.53359375 0.1578125 0.16015625
0 0.1859375 0.60078125 0.17109375 0.17265625
0 0.046875 0.54296875 0.09296875 0.15390625
0 0.065625 0.69296875 0.13125 0.2
0 0.121875 0.76953125 0.115625 0.17265625
0 0.04296875 0.84453125 0.0859375 0.1234375
0 0.28359375 0.83359375 0.20234375 0.1484375
0 0.21015625 0.71875 0.14921875 0.1484375
0 0.79296875 0.26953125 0.1640625 0.2
0 0.73671875 0.17265625 0.153125 0.1328125
0 0.9578125 0.50234375 0.084375 0.1515625
0 0.9296875 0.73828125 0.13984375 0.284375
0 0.83984375 0.72734375 0.1421875 0.178125
0 0.9234375 0.86328125 0.153125 0.1
0 0.72890625 0.8546875 0.23125 0.10625
0 0.515625 0.840625 0.23984375 0.12734375
0 0.3734375 0.74140625 0.2046875 0.18125
0 0.503125 0.6125 0.22421875 0.190625
0 0.64296875 0.7 0.246875 0.17265625
0 0.2625 0.05859375 0.090625 0.1171875
0 0.15390625 0.88515625 0.128125 0.04140625