0 0.3578125 0.475 0.33984375 0.36796875
0 0.11796875 0.72578125 0.23515625 0.34453125
0 0.5015625 0.7984375 0.11171875 0.22421875
0 0.575 0.703125 0.15703125 0.40078125
0 0.61953125 0.30625 0.08046875 0.24375
0 0.475 0.103125 0.2046875 0.20625
0 0.225 0.08828125 0.215625 0.1765625
0 0.13046875 0.19140625 0.2609375 0.34765625
0 0.32578125 0.27265625 0.12578125 0.20625
0 0.75859375 0.3421875 0.13671875 0.28125
0 0.696875 0.4625 0.13359375 0.1640625
0 0.9171875 0.34453125 0.05859375 0.2609375
0 0.84609375 0.065625 0.1203125 0.13125
0 0.6796875 0.109375 0.065625 0.17421875
0 0.7515625 0.103125 0.075 0.1421875
0 0.93359375 0.19296875 0.128125 0.1421875
0 0.7609375 0.859375 0.11171875 0.096875
0 0.30078125 0.7953125 0.2140625 0.2265625
0 0.94453125 0.5671875 0.0984375 0.23359375
0 0.90234375 0.7921875 0.128125 0.2265625
0 0.8390625 0.6796875 0.1078125 0.184375
0 0.81953125 0.50390625 0.09296875 0.15703125
0 0.703125 0.70546875 0.153125 0.24140625
0 0.95234375 0.0671875 0.08203125 0.11953125
0 0.8875 0.5078125 0.04765625 0.22890625