0 0.8359375 0.484375 0.24140625 0.2828125
0 0.76953125 0.228125 0.1484375 0.27265625
0 0.58984375 0.17265625 0.1953125 0.25390625
0 0.4359375 0.3359375 0.13203125 0.203125
0 0.28046875 0.4203125 0.26484375 0.19765625
0 0.34375 0.1421875 0.3125 0.284375
0 0.09765625 0.325 0.1953125 0.1375
0 0.0828125 0.453125 0.165625 0.1421875
0 0.1140625 0.6203125 0.228125 0.1875
0 0.32578125 0.63984375 0.22109375 0.2078125
0 0.5109375 0.58203125 0.1875 0.16875
0 0.6078125 0.4890625 0.19921875 0.190625
0 0.55625 0.35625 0.171875 0.22421875
0 0.9203125 0.096875 0.15859375 0.19296875
0 0.9796875 0.17265625 0.03984375 0.1765625
0 0.0375 0.19140625 0.075 0.21484375
0 0.0703125 0.83203125 0.140625 0.1765625
0 0.27578125 0.77734375 0.2546875 0.13046875
0 0.47890625 0.82265625 0.171875 0.16640625
0 0.62734375 0.68984375 0.2234375 0.20546875
0 0.86171875 0.696875 0.18984375 0.16640625
0 0.971875 0.59765625 0.05546875 0.1765625
0 0.853125 0.8453125 0.22109375 0.13984375
0 0.6328125 0.8546875 0.15625 0.13046875
0 0.39375 0.8625 0.17578125 0.1015625
0 0.2078125 0.8828125 0.11875 0.0703125
0 0.71953125 0.06484375 0.2109375 0.1296875
0 0.940625 0.35234375 0.11484375 0.18828125
0 0.11875 0.12578125 0.10078125 0.25078125