0 0.06953125 0.03046875 0.1390625 0.0609375
0 0.04765625 0.1140625 0.0953125 0.134375
0 0.17890625 0.1796875 0.12890625 0.22890625
0 0.21328125 0.05546875 0.1890625 0.11015625
0 0.0578125 0.234375 0.115625 0.20625
0 0.08359375 0.39375 0.12734375 0.165625
0 0.09140625 0.6125 0.14140625 0.2109375
0 0.0890625 0.78984375 0.178125 0.1984375
0 0.23359375 0.7046875 0.17265625 0.21484375
0 0.06328125 0.8671875 0.12578125 0.0859375
0 0.28203125 0.828125 0.18046875 0.159375
0 0.1953125 0.496875 0.17421875 0.225
0 0.215625 0.31875 0.1546875 0.2171875
0 0.38125 0.1125 0.20078125 0.22421875
0 0.53828125 0.08671875 0.2171875 0.1734375
0 0.8015625 0.08046875 0.225 0.1609375
0 0.9578125 0.05078125 0.084375 0.1015625
0 0.96171875 0.19140625 0.0765625 0.20234375
0 0.8203125 0.24375 0.2265625 0.19609375
0 0.64609375 0.1921875 0.10390625 0.15546875
0 0.5359375 0.2484375 0.1625 0.21484375
0 0.3671875 0.290625 0.1484375 0.20078125
0 0.35078125 0.46640625 0.14296875 0.17578125
0 0.346875 0.59140625 0.13828125 0.1796875
0 0.45546875 0.8703125 0.12734375 0.07578125
0 0.4203125 0.79140625 0.15625 0.2328125
0 0.44375 0.653125 0.18203125 0.23515625
0 0.51640625 0.4640625 0.1625 0.20859375
0 0.6875 0.3453125 0.21015625 0.15546875
0 0.91953125 0.43125 0.1609375 0.22890625
0 0.728125 0.50703125 0.225 0.2578125
0 0.5765625 0.615625 0.15625 0.278125
0 0.59609375 0.83046875 0.1828125 0.15546875
0 0.65 0.69609375 0.14375 0.2640625
0 0.9328125 0.61875 0.13359375 0.165625
0 0.809375 0.7078125 0.1953125 0.25390625
0 0.975 0.80078125 0.05 0.21484375
0 0.8625 0.81328125 0.2265625 0.1859375
0 0.7375 0.88359375 0.1125 0.0453125