0 0.0828125 0.21328125 0.13046875 0.2
0 0.06015625 0.0890625 0.0640625 0.10625
0 0.015625 0.11484375 0.03125 0.2296875
0 0.0890625 0.0625 0.06015625 0.1
0 0.190625 0.140625 0.140625 0.28125
0 0.2765625 0.08125 0.05234375 0.128125
0 0.36484375 0.09375 0.13359375 0.1875
0 0.03046875 0.33203125 0.0609375 0.1234375
0 0.05625 0.46484375 0.1125 0.29609375
0 0.01953125 0.634375 0.0390625 0.22578125
0 0.0671875 0.784375 0.0921875 0.128125
0 0.01015625 0.8125 0.0203125 0.07265625
0 0.2078125 0.75234375 0.20078125 0.196875
0 0.19375 0.46171875 0.18828125 0.3890625
0 0.3453125 0.271875 0.18671875 0.2828125
0 0.40625 0.4703125 0.11328125 0.390625
0 0.40390625 0.728125 0.046875 0.159375
0 0.35078125 0.77578125 0.09609375 0.14453125
0 0.30859375 0.58828125 0.178125 0.2796875
0 0.4640625 0.2328125 0.09765625 0.2546875
0 0.46875 0.06796875 0.07421875 0.1328125
0 0.55390625 0.059375 0.08203125 0.11875
0 0.6265625 0.0609375 0.059375 0.07421875
0 0.60859375 0.240625 0.1984375 0.3140625
0 0.5171875 0.4328125 0.1203125 0.33828125
0 0.48984375 0.71875 0.1484375 0.25390625
0 0.684375 0.096875 0.071875 0.19375
0 0.79296875 0.14921875 0.15078125 0.29765625
0 0.903125 0.0765625 0.078125 0.153125
0 0.7015625 0.359375 0.1984375 0.33046875
0 0.9109375 0.21171875 0.14609375 0.2890625
0 0.96953125 0.1765625 0.0609375 0.23125
0 0.95234375 0.40859375 0.0421875 0.1359375
0 0.85390625 0.33046875 0.14765625 0.2125
0 0.84609375 0.60859375 0.2234375 0.3546875
0 0.62109375 0.65703125 0.2359375 0.3859375
0 0.71171875 0.74375 0.20703125 0.20859375
0 0.88359375 0.77421875 0.12890625 0.14765625
0 0.978125 0.503125 0.04375 0.25234375
0 0.95859375 0.74609375 0.0828125 0.2078125