0 0.165625 0.0796875 0.11875 0.146875
0 0.26484375 0.0328125 0.1171875 0.065625
0 0.38828125 0.0578125 0.1421875 0.115625
0 0.540625 0.046875 0.1453125 0.09375
0 0.71171875 0.0296875 0.153125 0.059375
0 0.94921875 0.05546875 0.1015625 0.1109375
0 0.82890625 0.05703125 0.15625 0.1140625
0 0.9453125 0.1484375 0.109375 0.140625
0 0.8359375 0.19453125 0.1234375 0.18046875
0 0.73046875 0.2140625 0.128125 0.1890625
0 0.65390625 0.1328125 0.178125 0.15546875
0 0.4828125 0.17265625 0.1625 0.1875
0 0.296875 0.1609375 0.190625 0.18046875
0 0.12421875 0.2375 0.1984375 0.146875
0 0.071875 0.11484375 0.14375 0.13203125
0 0.02578125 0.040625 0.0515625 0.08046875
0 0.06328125 0.43203125 0.1265625 0.14921875
0 0.06796875 0.25859375 0.1359375 0.15078125
0 0.1953125 0.35234375 0.165625 0.2234375
0 0.2828125 0.40390625 0.090625 0.14921875
0 0.37578125 0.2953125 0.1765625 0.17421875
0 0.425 0.409375 0.14375 0.1296875
0 0.52109375 0.36796875 0.096875 0.140625
0 0.58046875 0.24140625 0.165625 0.15078125
0 0.6578125 0.3703125 0.1046875 0.1875
0 0.56171875 0.49453125 0.109375 0.2109375
0 0.46015625 0.5484375 0.1359375 0.165625
0 0.26328125 0.5828125 0.1578125 0.13203125
0 0.2578125 0.49375 0.09375 0.10234375
0 0.16328125 0.55546875 0.0890625 0.11875
0 0.05546875 0.5796875 0.1109375 0.15546875
0 0.0734375 0.6703125 0.146875 0.12734375
0 0.72578125 0.45078125 0.146875 0.1703125
0 0.80859375 0.365625 0.146875 0.15703125
0 0.8765625 0.4234375 0.1234375 0.14453125
0 0.94765625 0.2953125 0.1046875 0.153125
0 0.203125 0.70390625 0.2 0.16171875
0 0.08046875 0.80390625 0.1453125 0.14453125
0 0.16640625 0.88359375 0.1265625 0.053125
0 0.37890625 0.53671875 0.1046875 0.15546875
0 0.95625 0.4359375 0.0875 0.140625
0 0.8125 0.55234375 0.1234375 0.12578125
0 0.9328125 0.59375 0.1203125 0.1359375
0 0.9078125 0.759375 0.1703125 0.1953125
0 0.85625 0.84453125 0.1234375 0.12734375
0 0.7890625 0.63671875 0.1171875 0.16796875
0 0.69453125 0.615625 0.125 0.146875
0 0.5703125 0.6328125 0.1140625 0.18515625
0 0.46171875 0.70703125 0.1234375 0.146875
0 0.37578125 0.68515625 0.1234375 0.1359375
0 0.27265625 0.809375 0.1546875 0.19375
0 0.371875 0.83203125 0.13125 0.13203125
0 0.4703125 0.82421875 0.09375 0.10859375
0 0.56953125 0.81875 0.103125 0.1828125
0 0.48828125 0.88359375 0.1046875 0.04921875
0 0.6234375 0.76015625 0.1671875 0.1640625
0 0.7359375 0.8125 0.1390625 0.153125
0 0.63125 0.87421875 0.1203125 0.0640625
0 0.9375 0.8765625 0.0609375 0.06796875
0 0.98828125 0.5703125 0.0234375 0.11875
0 0.72421875 0.88671875 0.065625 0.03828125
0 0.05078125 0.88984375 0.1015625 0.040625