0 0.4375 0.1421875 0.16875 0.18203125
0 0.2765625 0.36953125 0.14921875 0.20625
0 0.4296875 0.440625 0.153125 0.1484375
0 0.5609375 0.296875 0.19296875 0.2421875
0 0.71796875 0.22890625 0.15546875 0.20859375
0 0.578125 0.11953125 0.18203125 0.17265625
0 0.34921875 0.053125 0.21328125 0.1
0 0.23203125 0.18046875 0.184375 0.203125
0 0.14921875 0.090625 0.1640625 0.12734375
0 0.04296875 0.15078125 0.0859375 0.1515625
0 0.04765625 0.26484375 0.0953125 0.190625
0 0.03671875 0.40390625 0.0734375 0.11796875
0 0.1046875 0.478125 0.18671875 0.20625
0 0.03671875 0.6359375 0.0734375 0.12734375
0 0.0640625 0.70078125 0.09765625 0.1546875
0 0.08125 0.8265625 0.11328125 0.13359375
0 0.24765625 0.7734375 0.153125 0.1421875
0 0.2625 0.61640625 0.16015625 0.203125
0 0.29921875 0.56484375 0.153125 0.17265625
0 0.14453125 0.2796875 0.15546875 0.26328125
0 0.3953125 0.2921875 0.13359375 0.22109375
0 0.0421875 0.03359375 0.084375 0.06640625
0 0.65 0.46953125 0.1890625 0.2359375
0 0.58984375 0.56015625 0.16640625 0.20625
0 0.403125 0.675 0.11328125 0.07890625
0 0.4078125 0.80234375 0.13125 0.20625
0 0.3734375 0.8765625 0.15546875 0.06328125
0 0.553125 0.7734375 0.06640625 0.203125
0 0.49453125 0.56796875 0.14453125 0.2453125
0 0.65 0.7328125 0.11328125 0.1453125
0 0.69921875 0.84140625 0.2203125 0.103125
0 0.5609375 0.8671875 0.10859375 0.0875
0 0.7359375 0.6359375 0.15078125 0.21171875
0 0.87890625 0.6296875 0.215625 0.16328125
0 0.93125 0.7375 0.1375 0.20859375
0 0.9078125 0.8703125 0.1359375 0.07578125
0 0.8 0.31953125 0.178125 0.1421875
0 0.89453125 0.153125 0.184375 0.196875
0 0.79453125 0.0859375 0.1078125 0.171875
0 0.9265625 0.053125 0.146875 0.10625
0 0.86640625 0.4484375 0.15078125 0.19375
0 0.9421875 0.33125 0.115625 0.22734375
0 0.6734375 0.02265625 0.16875 0.0453125