0 0.5375 0.25 0.2109375 0.19921875
0 0.5640625 0.434375 0.14140625 0.18828125
0 0.4578125 0.58203125 0.15625 0.159375
0 0.31796875 0.69921875 0.1984375 0.190625
0 0.03125 0.80390625 0.0625 0.2140625
0 0.0984375 0.8515625 0.13515625 0.11484375
0 0.1078125 0.48203125 0.1671875 0.15078125
0 0.01875 0.65703125 0.0375 0.190625
0 0.16953125 0.128125 0.1609375 0.17265625
0 0.7078125 0.7203125 0.14609375 0.15703125
0 0.58671875 0.79765625 0.11875 0.2234375
0 0.4234375 0.80546875 0.18828125 0.1640625
0 0.07109375 0.06875 0.1421875 0.1375
0 0.58515625 0.1140625 0.209375 0.228125
0 0.7578125 0.2265625 0.203125 0.2453125
0 0.8375 0.4140625 0.1984375 0.20390625
0 0.953125 0.32734375 0.09375 0.14140625
0 0.88828125 0.1828125 0.15625 0.18359375
0 0.85390625 0.0671875 0.1515625 0.134375
0 0.96796875 0.125 0.0640625 0.178125
0 0.36171875 0.109375 0.22421875 0.21875
0 0.9625 0.4828125 0.075 0.15703125
0 0.82578125 0.646875 0.09921875 0.21484375
0 0.82890625 0.8109375 0.128125 0.2015625
0 0.96796875 0.6234375 0.0640625 0.159375
0 0.48828125 0.69609375 0.0921875 0.1390625
0 0.703125 0.82734375 0.1265625 0.1640625