0 0.44375 0.24296875 0.56484375 0.30546875
0 0.6859375 0.57109375 0.59609375 0.31640625
0 0.1890625 0.53203125 0.378125 0.3015625
0 0.1875 0.1390625 0.375 0.278125
0 0.9015625 0.14140625 0.19609375 0.18203125
0 0.8828125 0.39609375 0.234375 0.146875
0 0.846875 0.2765625 0.2046875 0.140625
0 0.16328125 0.76953125 0.32578125 0.33125
0 0.5015625 0.73359375 0.38203125 0.184375
0 0.95 0.2734375 0.1 0.13359375
0 0.85625 0.0265625 0.28515625 0.05234375
0 0.44765625 0.0359375 0.19609375 0.071875
0 0.09609375 0.36640625 0.1921875 0.17109375
0 0.52890625 0.88359375 0.54296875 0.1078125
0 0.896875 0.83203125 0.20625 0.2109375