0 0.70390625 0.6828125 0.24921875 0.1234375
0 0.43203125 0.37578125 0.3546875 0.17734375
0 0.778125 0.225 0.33203125 0.2171875
0 0.7796875 0.3890625 0.2625 0.15625
0 0.90859375 0.70703125 0.1828125 0.1359375
0 0.525 0.5546875 0.20546875 0.2828125
0 0.284375 0.46484375 0.28046875 0.21015625
0 0.459375 0.2296875 0.24453125 0.1328125
0 0.9703125 0.28359375 0.059375 0.1515625
0 0.871875 0.4609375 0.25234375 0.2078125
0 0.7578125 0.06796875 0.26484375 0.13515625
0 0.71875 0.5546875 0.2390625 0.175
0 0.90390625 0.5625 0.1921875 0.18203125
0 0.96171875 0.07734375 0.0765625 0.15390625
0 0.48203125 0.0921875 0.27109375 0.184375
0 0.1875 0.19609375 0.2984375 0.20546875
0 0.2125 0.0734375 0.26015625 0.146875
0 0.075 0.29296875 0.14921875 0.3203125
0 0.034375 0.0453125 0.06875 0.090625