0 0.3375 0.23125 0.253125 0.3484375
0 0.653125 0.3453125 0.3109375 0.30859375
0 0.43125 0.54765625 0.30703125 0.303125
0 0.10859375 0.621875 0.2171875 0.37890625
0 0.5609375 0.78125 0.25546875 0.2546875
0 0.74921875 0.6734375 0.29765625 0.3484375
0 0.90859375 0.22265625 0.18203125 0.26328125
0 0.875 0.52421875 0.25 0.3359375
0 0.08671875 0.26640625 0.1734375 0.37578125
0 0.1796875 0.07421875 0.27578125 0.1484375
0 0.38984375 0.04375 0.1265625 0.0875
0 0.61875 0.10703125 0.3 0.2140625
0 0.84375 0.0546875 0.3125 0.109375
0 0.3078125 0.7328125 0.246875 0.35703125
0 0.884375 0.82421875 0.23125 0.1609375