0 0.9375 0.3484375 0.125 0.26796875
0 0.7125 0.22421875 0.253125 0.2453125
0 0.36171875 0.39453125 0.18515625 0.24140625
0 0.425 0.6140625 0.26171875 0.28125
0 0.63671875 0.52890625 0.25 0.2296875
0 0.8 0.4609375 0.22578125 0.23671875
0 0.81875 0.09609375 0.2015625 0.1921875
0 0.15859375 0.3453125 0.203125 0.371875
0 0.1734375 0.7046875 0.19453125 0.37421875
0 0.5140625 0.8515625 0.14765625 0.11953125
0 0.95078125 0.665625 0.0984375 0.18125
0 0.49296875 0.284375 0.27109375 0.28125
0 0.56875 0.07734375 0.2421875 0.1546875
0 0.06953125 0.8203125 0.1390625 0.178125
0 0.35 0.85390625 0.125 0.1109375