0 0.553125 0.51640625 0.2578125 0.20859375
0 0.3765625 0.3484375 0.20234375 0.1875
0 0.20078125 0.17265625 0.23359375 0.19375
0 0.3296875 0.5453125 0.20234375 0.27265625
0 0.596875 0.26484375 0.22890625 0.2875
0 0.94609375 0.43984375 0.1078125 0.2265625
0 0.85625 0.0875 0.2875 0.175
0 0.69296875 0.5921875 0.20859375 0.2328125
0 0.5953125 0.80546875 0.2 0.21171875
0 0.29453125 0.7703125 0.1359375 0.17265625
0 0.046875 0.78984375 0.09296875 0.16953125
0 0.11640625 0.53515625 0.2328125 0.2109375
0 0.1265625 0.3484375 0.253125 0.2546875
0 0.07421875 0.075 0.1484375 0.15
0 0.37109375 0.05 0.13359375 0.1
0 0.45078125 0.15625 0.253125 0.2390625
0 0.58671875 0.06640625 0.18203125 0.1328125
0 0.76875 0.23125 0.19140625 0.3
0 0.92734375 0.2453125 0.14453125 0.2
0 0.92734375 0.6640625 0.14453125 0.196875
0 0.79296875 0.7359375 0.18203125 0.23046875
0 0.71796875 0.84921875 0.16875 0.11796875
0 0.9421875 0.80703125 0.115625 0.20859375
0 0.18203125 0.80078125 0.2265625 0.203125
0 0.37890625 0.85703125 0.1890625 0.096875
0 0.2296875 0.03671875 0.1578125 0.07265625
0 0.42109375 0.7734375 0.19296875 0.22109375
0 0.5078125 0.6375 0.16640625 0.1421875