0 0.571875 0.234375 0.278125 0.29375
0 0.3375 0.11796875 0.24453125 0.2359375
0 0.778125 0.16953125 0.1953125 0.3390625
0 0.93515625 0.10390625 0.1296875 0.2078125
0 0.246875 0.3828125 0.20859375 0.31796875
0 0.3859375 0.3421875 0.1 0.3203125
0 0.128125 0.190625 0.25078125 0.24765625
0 0.06796875 0.35859375 0.1359375 0.25703125
0 0.134375 0.63671875 0.25078125 0.275
0 0.528125 0.559375 0.25078125 0.36875
0 0.7734375 0.45859375 0.24921875 0.25078125
0 0.91015625 0.4140625 0.1796875 0.30859375
0 0.934375 0.71171875 0.13125 0.3421875
0 0.7 0.70625 0.24453125 0.31171875
0 0.3609375 0.703125 0.2421875 0.39609375
0 0.16796875 0.81484375 0.16640625 0.196875
0 0.04140625 0.72421875 0.08203125 0.190625
0 0.5828125 0.06328125 0.203125 0.1265625
0 0.6203125 0.87109375 0.15546875 0.06640625
0 0.821875 0.796875 0.24453125 0.22109375
0 0.04296875 0.05546875 0.0859375 0.1109375