0 0.58671875 0.2828125 0.3421875 0.4875
0 0.32890625 0.48125 0.29765625 0.23046875
0 0.12578125 0.378125 0.20234375 0.2
0 0.27421875 0.17109375 0.17578125 0.3296875
0 0.09296875 0.1640625 0.1859375 0.29375
0 0.178125 0.7234375 0.26640625 0.26640625
0 0.3859375 0.66640625 0.20703125 0.296875
0 0.68203125 0.63125 0.3203125 0.26953125
0 0.87890625 0.290625 0.2375 0.2546875
0 0.78984375 0.13203125 0.26015625 0.26328125
0 0.65703125 0.05703125 0.2 0.1140625
0 0.4890625 0.03359375 0.15546875 0.06640625
0 0.49921875 0.85390625 0.2953125 0.103125
0 0.78203125 0.79609375 0.23984375 0.21796875
0 0.86875 0.5421875 0.2625 0.32734375
0 0.91328125 0.7796875 0.1734375 0.2453125
0 0.940625 0.0875 0.11796875 0.175
0 0.04296875 0.84375 0.0859375 0.134375