0 0.60546875 0.72265625 0.34296875 0.3953125
0 0.20078125 0.41796875 0.290625 0.371875
0 0.28828125 0.728125 0.17421875 0.25625
0 0.4484375 0.28359375 0.23125 0.2484375
0 0.671875 0.37734375 0.2265625 0.2171875
0 0.07265625 0.61484375 0.1453125 0.184375
0 0.05859375 0.83203125 0.11640625 0.1671875
0 0.88125 0.73828125 0.2375 0.3046875
0 0.91484375 0.2265625 0.1703125 0.203125
0 0.3171875 0.1375 0.22265625 0.2171875
0 0.05703125 0.1953125 0.1140625 0.175
0 0.140625 0.06640625 0.0859375 0.13203125
0 0.5671875 0.175 0.15859375 0.18828125
0 0.71328125 0.21328125 0.11953125 0.1734375
0 0.82890625 0.04609375 0.17890625 0.0921875
0 0.5046875 0.428125 0.15234375 0.20703125
0 0.69609375 0.55859375 0.19609375 0.15703125
0 0.92265625 0.43828125 0.15390625 0.165625