0 0.315625 0.15078125 0.10234375 0.15859375
0 0.54453125 0.12109375 0.15 0.1546875
0 0.3609375 0.525 0.1328125 0.1265625
0 0.228125 0.51484375 0.1359375 0.178125
0 0.4375 0.225 0.1671875 0.21953125
0 0.30078125 0.32421875 0.10234375 0.16015625
0 0.48046875 0.05234375 0.1125 0.1046875
0 0.57421875 0.02578125 0.08671875 0.0515625
0 0.64765625 0.07109375 0.0734375 0.1421875
0 0.74921875 0.0765625 0.10078125 0.140625
0 0.85625 0.0734375 0.08671875 0.146875
0 0.93671875 0.04609375 0.084375 0.0921875
0 0.88203125 0.21875 0.15859375 0.1484375
0 0.9125 0.284375 0.0953125 0.17265625
0 0.8390625 0.3390625 0.08984375 0.11875
0 0.784375 0.325 0.09921875 0.12265625
0 0.69453125 0.359375 0.15625 0.228125
0 0.70859375 0.1875 0.17890625 0.140625
0 0.54921875 0.34765625 0.14296875 0.20390625
0 0.62734375 0.3140625 0.06484375 0.1484375
0 0.3796875 0.4 0.08671875 0.12265625
0 0.47890625 0.53125 0.10078125 0.1390625
0 0.59609375 0.6984375 0.12421875 0.24765625
0 0.65625 0.5375 0.09921875 0.13671875
0 0.5921875 0.51796875 0.10546875 0.12890625
0 0.74375 0.57265625 0.08671875 0.1390625
0 0.809375 0.465625 0.08515625 0.11875
0 0.91484375 0.4671875 0.11875 0.1703125
0 0.9328125 0.64375 0.08359375 0.13046875
0 0.8078125 0.7234375 0.0796875 0.14296875
0 0.7234375 0.67421875 0.14140625 0.19609375
0 0.7984375 0.85390625 0.10703125 0.11484375
0 0.87109375 0.82109375 0.12265625 0.16875
0 0.71796875 0.80703125 0.09375 0.08515625
0 0.740625 0.83984375 0.08984375 0.11875
0 0.834375 0.5890625 0.11171875 0.17265625
0 0.884375 0.70546875 0.08671875 0.12890625
0 0.46328125 0.65234375 0.12578125 0.18671875
0 0.38671875 0.71796875 0.09375 0.0703125
0 0.1484375 0.69375 0.07109375 0.2015625
0 0.19921875 0.31328125 0.11875 0.16015625
0 0.11328125 0.09140625 0.1203125 0.1
0 0.284375 0.04765625 0.090625 0.09453125
0 0.25234375 0.16796875 0.07578125 0.16015625
0 0.16171875 0.1859375 0.0796875 0.1046875
0 0.13515625 0.2296875 0.07265625 0.075
0 0.10546875 0.334375 0.09375 0.1046875
0 0.1796875 0.39609375 0.08671875 0.11171875
0 0.1 0.45703125 0.1359375 0.15078125
0 0.03046875 0.35859375 0.06015625 0.1625
0 0.05859375 0.25390625 0.078125 0.13359375
0 0.053125 0.1203125 0.10625 0.1
0 0.03515625 0.18671875 0.06015625 0.078125
0 0.4046875 0.06328125 0.13828125 0.1265625
0 0.084375 0.55625 0.14375 0.175
0 0.0515625 0.74140625 0.10234375 0.13125
0 0.1046875 0.82578125 0.134375 0.11171875
0 0.27421875 0.840625 0.0921875 0.096875
0 0.36875 0.8296875 0.12890625 0.1578125
0 0.46328125 0.83828125 0.1328125 0.140625
0 0.534375 0.84921875 0.1171875 0.1140625
0 0.6390625 0.84921875 0.10234375 0.109375
0 0.36640625 0.621875 0.0640625 0.1265625
0 0.25 0.6765625 0.10234375 0.1484375
0 0.2375 0.71171875 0.12421875 0.15546875
0 0.08671875 0.85390625 0.12734375 0.1
0 0.33828125 0.74140625 0.078125 0.0875
0 0.20625 0.82109375 0.0703125 0.109375