0 0.64453125 0.63671875 0.36171875 0.36328125
0 0.3609375 0.43828125 0.378125 0.403125
0 0.15 0.65078125 0.27734375 0.23671875
0 0.4140625 0.75390625 0.2609375 0.31328125
0 0.8 0.41796875 0.24140625 0.28359375
0 0.52265625 0.096875 0.303125 0.19375
0 0.25625 0.20546875 0.25 0.2609375
0 0.0546875 0.2375 0.10234375 0.3953125
0 0.88125 0.7609375 0.2375 0.29375
0 0.95703125 0.434375 0.0859375 0.16875
0 0.54375 0.8359375 0.3453125 0.14453125
0 0.22890625 0.85390625 0.16640625 0.1046875
0 0.0828125 0.8390625 0.165625 0.13125
0 0.790625 0.1421875 0.196875 0.28359375
0 0.91640625 0.22421875 0.1671875 0.2734375
0 0.14921875 0.4703125 0.29765625 0.22421875
0 0.940625 0.0421875 0.11875 0.084375
0 0.9671875 0.7578125 0.065625 0.2875