0 0.7 0.61875 0.325 0.35234375
0 0.5296875 0.26015625 0.18203125 0.240625
0 0.14140625 0.14765625 0.2828125 0.2953125
0 0.3578125 0.10078125 0.22578125 0.2015625
0 0.51171875 0.0515625 0.19921875 0.103125
0 0.7796875 0.08515625 0.2375 0.1703125
0 0.84375 0.23125 0.25859375 0.2921875
0 0.9171875 0.39375 0.165625 0.21875
0 0.875 0.6671875 0.25 0.3734375
0 0.634375 0.81875 0.2203125 0.1734375
0 0.40859375 0.77734375 0.17890625 0.26171875
0 0.246875 0.8140625 0.2015625 0.19375
0 0.11484375 0.646875 0.2296875 0.26953125
0 0.28515625 0.5359375 0.2546875 0.26953125
0 0.05234375 0.2859375 0.1046875 0.34453125
0 0.34765625 0.3453125 0.21640625 0.2921875
0 0.5078125 0.5359375 0.16171875 0.3625
0 0.65078125 0.315625 0.20703125 0.2015625
0 0.046875 0.8453125 0.09296875 0.1265625
0 0.75 0.8828125 0.1625 0.0390625