0 0.56015625 0.42109375 0.390625 0.40390625
0 0.1640625 0.58125 0.271875 0.26875
0 0.26171875 0.3171875 0.24140625 0.32578125
0 0.26015625 0.0796875 0.265625 0.159375
0 0.05625 0.19765625 0.1125 0.2890625
0 0.5984375 0.10703125 0.31640625 0.21328125
0 0.8328125 0.0515625 0.1890625 0.10234375
0 0.70546875 0.2921875 0.29140625 0.2359375
0 0.88046875 0.15703125 0.2390625 0.3140625
0 0.84765625 0.51953125 0.28046875 0.22734375
0 0.49375 0.75859375 0.3125 0.26640625
0 0.2609375 0.7671875 0.1828125 0.2828125
0 0.07734375 0.80703125 0.1546875 0.19921875
0 0.0265625 0.50234375 0.05234375 0.353125
0 0.65546875 0.86875 0.25390625 0.084375
0 0.86640625 0.79140625 0.234375 0.23359375
0 0.9734375 0.7125 0.05234375 0.178125
0 0.9484375 0.45703125 0.103125 0.2171875
0 0.06640625 0.02109375 0.1328125 0.0421875