0 0.40703125 0.5296875 0.4578125 0.41796875
0 0.40859375 0.16796875 0.27109375 0.3
0 0.215625 0.0609375 0.2265625 0.12109375
0 0.07734375 0.11015625 0.1546875 0.2203125
0 0.08359375 0.3859375 0.16640625 0.3296875
0 0.05703125 0.70234375 0.11328125 0.22421875
0 0.39453125 0.8203125 0.22421875 0.18203125
0 0.1359375 0.778125 0.2578125 0.2546875
0 0.69453125 0.296875 0.31328125 0.30859375
0 0.634375 0.0453125 0.1578125 0.090625
0 0.8828125 0.11328125 0.228125 0.2265625
0 0.93671875 0.50703125 0.1265625 0.26328125
0 0.93125 0.7296875 0.1375 0.22421875
0 0.62578125 0.74296875 0.25078125 0.2453125
0 0.940625 0.86953125 0.11796875 0.0703125