0 0.4046875 0.21484375 0.10625 0.14453125
0 0.34453125 0.2984375 0.121875 0.11953125
0 0.3296875 0.465625 0.13515625 0.17734375
0 0.24296875 0.62734375 0.15546875 0.146875
0 0.23359375 0.7765625 0.1703125 0.19296875
0 0.46640625 0.4859375 0.11796875 0.121875
0 0.5328125 0.43125 0.11015625 0.09921875
0 0.48203125 0.29765625 0.09296875 0.08984375
0 0.4453125 0.409375 0.08984375 0.12421875
0 0.3765625 0.7125 0.1078125 0.165625
0 0.48359375 0.66875 0.16015625 0.18359375
0 0.53671875 0.590625 0.13515625 0.11484375
0 0.62578125 0.525 0.1703125 0.103125
0 0.3578125 0.58125 0.09140625 0.10078125
0 0.37890625 0.853125 0.1296875 0.11484375
0 0.45703125 0.8296875 0.09296875 0.12890625
0 0.54296875 0.775 0.146875 0.1421875
0 0.63203125 0.8140625 0.09609375 0.1421875
0 0.503125 0.87265625 0.125 0.07109375
0 0.25546875 0.86328125 0.10625 0.08515625
0 0.1546875 0.8765625 0.07578125 0.06171875
0 0.10546875 0.815625 0.07578125 0.1609375
0 0.06875 0.621875 0.13671875 0.209375
0 0.13203125 0.49765625 0.07109375 0.103125
0 0.22578125 0.4921875 0.08984375 0.18359375
0 0.071875 0.44921875 0.103125 0.14921875
0 0.01015625 0.4203125 0.0203125 0.12890625
0 0.0234375 0.29375 0.046875 0.10625
0 0.05546875 0.20078125 0.1109375 0.1359375
0 0.16640625 0.196875 0.11328125 0.1359375
0 0.25390625 0.1359375 0.11953125 0.18828125
0 0.33125 0.10703125 0.128125 0.1859375
0 0.2265625 0.3 0.11796875 0.14921875
0 0.21015625 0.3921875 0.09296875 0.053125
0 0.1484375 0.59765625 0.11484375 0.146875
0 0.0375 0.6984375 0.07421875 0.13828125
0 0.04140625 0.821875 0.0828125 0.17265625
0 0.09296875 0.06328125 0.11796875 0.1265625
0 0.1453125 0.03203125 0.05546875 0.06328125
0 0.21171875 0.06328125 0.11953125 0.1265625
0 0.45 0.0734375 0.13984375 0.146875
0 0.59609375 0.0859375 0.1421875 0.171875
0 0.73671875 0.1203125 0.1265625 0.240625
0 0.82734375 0.1078125 0.084375 0.17890625
0 0.8828125 0.265625 0.1421875 0.15859375
0 0.778125 0.31953125 0.1046875 0.1421875
0 0.71875 0.25078125 0.11328125 0.20703125
0 0.62421875 0.3859375 0.1296875 0.1515625
0 0.6078125 0.2359375 0.121875 0.14921875
0 0.53359375 0.21015625 0.121875 0.17734375
0 0.63828125 0.67109375 0.09765625 0.1609375
0 0.7484375 0.71484375 0.128125 0.165625
0 0.77421875 0.53359375 0.1234375 0.2296875
0 0.7125 0.446875 0.07421875 0.13984375
0 0.87421875 0.43984375 0.07578125 0.121875
0 0.94609375 0.378125 0.1078125 0.13125
0 0.97265625 0.246875 0.0546875 0.121875
0 0.8828125 0.1640625 0.0671875 0.1125
0 0.93125 0.0875 0.1375 0.17421875
0 0.92890625 0.5078125 0.0671875 0.13359375
0 0.87421875 0.7171875 0.06953125 0.165625
0 0.82734375 0.84375 0.15234375 0.13359375
0 0.95703125 0.8609375 0.0859375 0.09921875
0 0.95390625 0.73984375 0.09140625 0.096875
0 0.9546875 0.6453125 0.090625 0.1375
0 0.97578125 0.53125 0.0484375 0.175
0 0.11640625 0.3125 0.1484375 0.11484375