0 0.13515625 0.15390625 0.121875 0.19765625
0 0.303125 0.13359375 0.15390625 0.2484375
0 0.0359375 0.1375 0.071875 0.109375
0 0.0515625 0.02421875 0.103125 0.0484375
0 0.1890625 0.23203125 0.1859375 0.146875
0 0.08515625 0.39375 0.1703125 0.234375
0 0.04375 0.3 0.0875 0.2234375
0 0.06328125 0.5359375 0.1265625 0.146875
0 0.20078125 0.5375 0.13515625 0.23671875
0 0.10078125 0.76015625 0.13984375 0.18203125
0 0.02734375 0.6578125 0.05390625 0.0734375
0 0.05703125 0.86171875 0.07421875 0.1125
0 0.015625 0.803125 0.03125 0.13125
0 0.24375 0.71796875 0.146875 0.22578125
0 0.15390625 0.88359375 0.1078125 0.05546875
0 0.30703125 0.8671875 0.1890625 0.0734375
0 0.36640625 0.628125 0.2125 0.234375
0 0.2578125 0.38515625 0.1875 0.16796875
0 0.49375 0.52421875 0.190625 0.22109375
0 0.3828125 0.21953125 0.184375 0.18671875
0 0.525 0.15078125 0.15234375 0.18671875
0 0.60390625 0.0265625 0.20078125 0.053125
0 0.7234375 0.08046875 0.14375 0.1609375
0 0.88515625 0.0734375 0.15546875 0.146875
0 0.94921875 0.096875 0.1015625 0.19296875
0 0.94921875 0.2625 0.1015625 0.2296875
0 0.96015625 0.4984375 0.0796875 0.23203125
0 0.45 0.76171875 0.19765625 0.2484375
0 0.525 0.84921875 0.1484375 0.11953125
0 0.64609375 0.7453125 0.2109375 0.22109375
0 0.60546875 0.40234375 0.0796875 0.165625
0 0.52734375 0.2515625 0.08984375 0.190625
0 0.49453125 0.36328125 0.16875 0.19296875
0 0.63984375 0.871875 0.07421875 0.0640625
0 0.81953125 0.71875 0.1234375 0.1359375
0 0.69921875 0.32421875 0.17890625 0.21171875
0 0.65625 0.18515625 0.15703125 0.18203125
0 0.71484375 0.453125 0.2078125 0.18828125
0 0.7078125 0.61796875 0.17890625 0.18671875
0 0.83828125 0.234375 0.1640625 0.2390625
0 0.8546875 0.42421875 0.11796875 0.1359375
0 0.8671875 0.53515625 0.17734375 0.24609375
0 0.9 0.71171875 0.2 0.1859375
0 0.809375 0.8234375 0.19765625 0.175
0 0.953125 0.85078125 0.09296875 0.115625