0 0.34375 0.49296875 0.17265625 0.20390625
0 0.4015625 0.37734375 0.1078125 0.16015625
0 0.32109375 0.13984375 0.1078125 0.2796875
0 0.41953125 0.16953125 0.13046875 0.28046875
0 0.21171875 0.0765625 0.125 0.15234375
0 0.08671875 0.0796875 0.1609375 0.159375
0 0.07734375 0.29921875 0.15 0.21875
0 0.05703125 0.51796875 0.1140625 0.2546875
0 0.23359375 0.25234375 0.115625 0.22890625
0 0.1984375 0.43515625 0.13359375 0.2265625
0 0.1484375 0.64296875 0.1390625 0.1453125
0 0.48125 0.45625 0.08671875 0.24375
0 0.33046875 0.67890625 0.1515625 0.17734375
0 0.246875 0.7515625 0.12578125 0.20390625
0 0.10390625 0.75390625 0.11953125 0.19453125
0 0.48359375 0.71875 0.13984375 0.24765625
0 0.60703125 0.57421875 0.134375 0.253125
0 0.584375 0.2375 0.17578125 0.2625
0 0.54375 0.071875 0.134375 0.14375
0 0.665625 0.0765625 0.1296875 0.153125
0 0.8390625 0.16640625 0.16953125 0.25
0 0.72265625 0.26640625 0.08515625 0.16796875
0 0.67734375 0.48046875 0.15234375 0.21171875
0 0.590625 0.796875 0.0921875 0.10546875
0 0.7578125 0.67421875 0.13515625 0.2875
0 0.83125 0.48203125 0.1609375 0.271875
0 0.91015625 0.3390625 0.17890625 0.2609375
0 0.925 0.03046875 0.14921875 0.0609375
0 0.8078125 0.02265625 0.04765625 0.04453125
0 0.9671875 0.15078125 0.065625 0.1953125
0 0.92421875 0.72421875 0.1515625 0.25078125
0 0.50859375 0.81328125 0.065625 0.07890625
0 0.2859375 0.36953125 0.10703125 0.2
0 0.66484375 0.8125 0.078125 0.08515625
0 0.028125 0.76171875 0.05625 0.09296875