0 0.46640625 0.4 0.17890625 0.21640625
0 0.5125 0.184375 0.184375 0.21171875
0 0.34453125 0.3046875 0.13828125 0.1953125
0 0.33046875 0.4921875 0.190625 0.1796875
0 0.16796875 0.66640625 0.21484375 0.24140625
0 0.09375 0.43515625 0.17734375 0.2296875
0 0.128125 0.1875 0.15234375 0.2140625
0 0.05546875 0.28671875 0.1109375 0.2015625
0 0.28984375 0.80078125 0.21796875 0.22109375
0 0.396875 0.728125 0.1625 0.2
0 0.5265625 0.56484375 0.209375 0.17265625
0 0.8453125 0.321875 0.13671875 0.2625
0 0.97578125 0.21875 0.0484375 0.23125
0 0.85078125 0.13125 0.20234375 0.19296875
0 0.63046875 0.1078125 0.1640625 0.20703125
0 0.31484375 0.11171875 0.2046875 0.190625
0 0.61953125 0.725 0.20234375 0.13828125
0 0.78828125 0.559375 0.19609375 0.19765625
0 0.65546875 0.4546875 0.171875 0.17265625
0 0.69921875 0.31953125 0.1921875 0.184375
0 0.1671875 0.04140625 0.125 0.0828125
0 0.04921875 0.0953125 0.09765625 0.190625
0 0.815625 0.77265625 0.16875 0.27578125
0 0.54453125 0.85390625 0.20078125 0.11015625
0 0.16875 0.87421875 0.15859375 0.0734375
0 0.06953125 0.78125 0.13828125 0.16796875
0 0.9515625 0.603125 0.096875 0.30859375
0 0.7359375 0.8515625 0.1859375 0.11484375
0 0.94609375 0.8625 0.1078125 0.096875