0 0.72421875 0.4625 0.121875 0.09609375
0 0.60078125 0.42890625 0.1234375 0.0859375
0 0.75625 0.2734375 0.13515625 0.190625
0 0.7546875 0.5765625 0.09140625 0.14765625
0 0.65078125 0.55703125 0.115625 0.13359375
0 0.46953125 0.371875 0.1078125 0.10859375
0 0.5765625 0.334375 0.10234375 0.10234375
0 0.66484375 0.30078125 0.09609375 0.05546875
0 0.66484375 0.3609375 0.08125 0.08203125
0 0.821875 0.3875 0.06484375 0.0984375
0 0.846875 0.61953125 0.14140625 0.13984375
0 0.8671875 0.75703125 0.10390625 0.1515625
0 0.815625 0.79609375 0.115625 0.078125
0 0.76875 0.703125 0.06875 0.15625
0 0.71171875 0.65703125 0.09609375 0.06328125
0 0.6796875 0.75078125 0.14375 0.10703125
0 0.62109375 0.71640625 0.109375 0.0921875
0 0.584375 0.5453125 0.08828125 0.13515625
0 0.7484375 0.390625 0.10390625 0.14140625
0 0.8296875 0.52578125 0.0796875 0.06796875
0 0.86015625 0.453125 0.1203125 0.12734375
0 0.9109375 0.36171875 0.1234375 0.08828125
0 0.6078125 0.2125 0.1109375 0.0921875
0 0.73203125 0.1421875 0.10390625 0.13359375
0 0.590625 0.059375 0.08828125 0.1109375
0 0.45234375 0.2546875 0.184375 0.221875
0 0.36875 0.340625 0.0796875 0.13515625
0 0.49296875 0.59296875 0.11875 0.10703125
0 0.4890625 0.71796875 0.159375 0.14765625
0 0.42265625 0.8421875 0.10625 0.1375
0 0.509375 0.86171875 0.1125 0.09453125
0 0.603125 0.82578125 0.1203125 0.1171875
0 0.68984375 0.85703125 0.12421875 0.09453125
0 0.3328125 0.86484375 0.10625 0.084375
0 0.35234375 0.72890625 0.09765625 0.12109375
0 0.39921875 0.5390625 0.1203125 0.17265625
0 0.3890625 0.43984375 0.12890625 0.17421875
0 0.95859375 0.459375 0.0828125 0.1765625
0 0.9375 0.70859375 0.10078125 0.1375
0 0.9828125 0.63984375 0.034375 0.1140625
0 0.96484375 0.7671875 0.0703125 0.096875
0 0.92109375 0.85390625 0.109375 0.10078125
0 0.81171875 0.8625 0.115625 0.08828125
0 0.20078125 0.85 0.14296875 0.12109375
0 0.08984375 0.85703125 0.09296875 0.0984375
0 0.034375 0.86484375 0.06875 0.08203125
0 0.06171875 0.7609375 0.1234375 0.13515625
0 0.1546875 0.77734375 0.06875 0.13984375
0 0.17578125 0.615625 0.08984375 0.16015625
0 0.06015625 0.6171875 0.1203125 0.18046875
0 0.03359375 0.484375 0.0671875 0.16796875
0 0.090625 0.321875 0.13671875 0.16015625
0 0.271875 0.3421875 0.09609375 0.12734375
0 0.27109375 0.6109375 0.09765625 0.1890625
0 0.2578125 0.76328125 0.11875 0.13515625
0 0.19375 0.36484375 0.09296875 0.14375
0 0.196875 0.26171875 0.13828125 0.12109375
0 0.31875 0.2171875 0.109375 0.1234375
0 0.07265625 0.190625 0.1453125 0.09453125
0 0.1875 0.12578125 0.1078125 0.1171875
0 0.07421875 0.0625 0.1484375 0.125
0 0.22421875 0.0484375 0.121875 0.09609375
0 0.2890625 0.140625 0.10625 0.1375
0 0.4015625 0.07421875 0.13046875 0.14765625
0 0.321875 0.04296875 0.0859375 0.0859375
0 0.51875 0.059375 0.1046875 0.11875
0 0.66015625 0.046875 0.0515625 0.09375
0 0.8671875 0.06328125 0.0734375 0.11875
0 0.92578125 0.10390625 0.0796875 0.16640625
0 0.85625 0.2875 0.115625 0.0859375
0 0.93671875 0.2421875 0.078125 0.10234375
0 0.86171875 0.18359375 0.1203125 0.1828125
0 0.984375 0.096875 0.03046875 0.0921875
0 0.98203125 0.23046875 0.0359375 0.190625
0 0.94765625 0.5796875 0.08671875 0.0921875
0 0.5875 0.64296875 0.13984375 0.084375
0 0.35859375 0.634375 0.12578125 0.1375
0 0.11640625 0.46796875 0.115625 0.14375
0 0.8 0.04375 0.07421875 0.07421875
0 0.78671875 0.12421875 0.07421875 0.090625
0 0.53828125 0.15625 0.10703125 0.13046875