0 0.5796875 0.396875 0.2890625 0.3375
0 0.31796875 0.675 0.19140625 0.225
0 0.184375 0.1609375 0.36875 0.321875
0 0.42109375 0.115625 0.1578125 0.23125
0 0.821875 0.13203125 0.2625 0.2640625
0 0.6765625 0.59921875 0.19765625 0.353125
0 0.86796875 0.76171875 0.215625 0.2953125
0 0.265625 0.3859375 0.3359375 0.38359375
0 0.67109375 0.2359375 0.2359375 0.19140625
0 0.6078125 0.09453125 0.215625 0.18828125
0 0.07109375 0.41796875 0.1421875 0.25234375
0 0.1140625 0.6390625 0.228125 0.215625
0 0.103125 0.82421875 0.20625 0.1765625
0 0.29140625 0.83359375 0.2625 0.14609375
0 0.50546875 0.86640625 0.17578125 0.08515625
0 0.70078125 0.809375 0.1265625 0.20078125
0 0.9609375 0.41484375 0.078125 0.20390625
0 0.8078125 0.58359375 0.1046875 0.32265625
0 0.83125 0.3390625 0.20859375 0.2703125