0 0.65 0.56328125 0.26015625 0.16953125
0 0.2625 0.61640625 0.20546875 0.1890625
0 0.36171875 0.18984375 0.17890625 0.184375
0 0.68984375 0.33984375 0.16171875 0.24375
0 0.8640625 0.10625 0.22109375 0.184375
0 0.865625 0.6171875 0.22109375 0.18203125
0 0.703125 0.73828125 0.1703125 0.1890625
0 0.46328125 0.71796875 0.1296875 0.20546875
0 0.940625 0.78359375 0.11875 0.1796875
0 0.0171875 0.1046875 0.034375 0.209375
0 0.16640625 0.12421875 0.2109375 0.2484375
0 0.97265625 0.1359375 0.05390625 0.2109375
0 0.0921875 0.69140625 0.184375 0.25859375
0 0.06875 0.4640625 0.13671875 0.2109375