0 0.709375 0.51953125 0.221875 0.2234375
0 0.6375 0.29765625 0.121875 0.20546875
0 0.49609375 0.3203125 0.19140625 0.15859375
0 0.42734375 0.50390625 0.19140625 0.2125
0 0.28203125 0.5921875 0.13671875 0.16953125
0 0.23203125 0.41796875 0.1765625 0.20546875
0 0.2390625 0.27421875 0.16484375 0.18984375
0 0.11328125 0.3625 0.0765625 0.26953125
0 0.07265625 0.1234375 0.1453125 0.24609375
0 0.23828125 0.09453125 0.2171875 0.1890625
0 0.51953125 0.2421875 0.11484375 0.1765625
0 0.4359375 0.071875 0.08828125 0.14375
0 0.4625 0.15546875 0.1015625 0.20234375
0 0.5703125 0.11796875 0.1265625 0.2
0 0.678125 0.10234375 0.1375 0.2046875
0 0.79765625 0.03203125 0.08203125 0.0640625
0 0.8921875 0.05859375 0.146875 0.1171875
0 0.8296875 0.1859375 0.11015625 0.21796875
0 0.04140625 0.29453125 0.0828125 0.2359375
0 0.9140625 0.21015625 0.128125 0.1796875
0 0.9765625 0.08984375 0.046875 0.15859375
0 0.909375 0.43203125 0.1484375 0.1359375
0 0.94453125 0.6109375 0.1109375 0.24375
0 0.89609375 0.83359375 0.18203125 0.1234375
0 0.759375 0.7 0.121875 0.26171875
0 0.55546875 0.80546875 0.21484375 0.17421875
0 0.37421875 0.8 0.18828125 0.18984375
0 0.3171875 0.70625 0.128125 0.1921875
0 0.25 0.85625 0.13984375 0.0921875
0 0.18046875 0.69609375 0.16484375 0.2234375
0 0.59453125 0.6 0.16484375 0.2765625
0 0.5125 0.64609375 0.1515625 0.17421875
0 0.11171875 0.50859375 0.19296875 0.20234375
0 0.04609375 0.6125 0.09140625 0.17421875
0 0.05234375 0.7765625 0.1046875 0.23046875
0 0.75546875 0.25859375 0.11484375 0.25625
0 0.7375 0.8375 0.14140625 0.11015625
0 0.87890625 0.6 0.0515625 0.19453125
0 0.94140625 0.315625 0.11640625 0.06640625
0 0.12265625 0.87578125 0.0984375 0.03828125