0 0.503125 0.53203125 0.165625 0.19140625
0 0.29921875 0.4296875 0.1734375 0.22109375
0 0.36484375 0.3140625 0.1234375 0.1640625
0 0.234375 0.25234375 0.153125 0.09140625
0 0.49375 0.34921875 0.16875 0.140625
0 0.5171875 0.23515625 0.1234375 0.1171875
0 0.375 0.215625 0.103125 0.0828125
0 0.44765625 0.12734375 0.1328125 0.08515625
0 0.578125 0.0703125 0.1515625 0.13203125
0 0.4890625 0.04375 0.1 0.0875
0 0.65703125 0.0484375 0.08984375 0.096875
0 0.7921875 0.08828125 0.1171875 0.13828125
0 0.8625 0.0390625 0.084375 0.078125
0 0.94921875 0.0328125 0.0875 0.065625
0 0.9765625 0.1421875 0.046875 0.2515625
0 0.92890625 0.27265625 0.1421875 0.1703125
0 0.89609375 0.1265625 0.125 0.146875
0 0.74296875 0.14765625 0.1375 0.1125
0 0.70625 0.2140625 0.1015625 0.12109375
0 0.609375 0.20703125 0.1140625 0.1296875
0 0.64375 0.35625 0.1109375 0.19765625
0 0.7734375 0.38046875 0.1421875 0.153125
0 0.78359375 0.259375 0.11875 0.10234375
0 0.2078125 0.36484375 0.115625 0.13828125
0 0.0921875 0.19453125 0.175 0.134375
0 0.05234375 0.06484375 0.1046875 0.12109375
0 0.184375 0.0703125 0.1453125 0.13984375
0 0.3 0.0421875 0.10625 0.084375
0 0.396875 0.04765625 0.10703125 0.0953125
0 0.275 0.1359375 0.18125 0.15703125
0 0.06953125 0.34921875 0.1390625 0.1828125
0 0.13046875 0.446875 0.1453125 0.13203125
0 0.0375 0.590625 0.075 0.159375
0 0.18203125 0.58671875 0.2015625 0.20390625
0 0.11171875 0.53671875 0.0734375 0.10390625
0 0.08046875 0.7390625 0.1359375 0.134375
0 0.13046875 0.7984375 0.1453125 0.12578125
0 0.01953125 0.78984375 0.03828125 0.12109375
0 0.28671875 0.75546875 0.1796875 0.19140625
0 0.503125 0.76484375 0.153125 0.12109375
0 0.41171875 0.6734375 0.1640625 0.1421875
0 0.471875 0.6296875 0.1375 0.17421875
0 0.62109375 0.59375 0.140625 0.165625
0 0.64765625 0.71015625 0.140625 0.17421875
0 0.80390625 0.7328125 0.1625 0.1421875
0 0.95625 0.74765625 0.0703125 0.159375
0 0.93515625 0.59375 0.1296875 0.1890625
0 0.934375 0.42734375 0.13125 0.1234375
0 0.809375 0.5484375 0.1421875 0.2125
0 0.71640625 0.4875 0.109375 0.165625
0 0.32578125 0.6 0.1421875 0.165625