0 0.43203125 0.29921875 0.146875 0.16796875
0 0.27578125 0.24921875 0.1546875 0.1859375
0 0.52890625 0.1296875 0.153125 0.259375
0 0.3734375 0.11015625 0.125 0.2203125
0 0.29375 0.06171875 0.10234375 0.1234375
0 0.21171875 0.128125 0.11328125 0.25625
0 0.05703125 0.18984375 0.0828125 0.22109375
0 0.07578125 0.05859375 0.1421875 0.1171875
0 0.084375 0.4140625 0.146875 0.25
0 0.15703125 0.33984375 0.10390625 0.32109375
0 0.234375 0.4640625 0.1453125 0.2625
0 0.33671875 0.42734375 0.13984375 0.22421875
0 0.38125 0.56875 0.1359375 0.2296875
0 0.47734375 0.5171875 0.14375 0.2265625
0 0.21640625 0.6890625 0.134375 0.1828125
0 0.059375 0.67421875 0.11875 0.32421875
0 0.034375 0.7484375 0.06875 0.2
0 0.1265625 0.75234375 0.1171875 0.1859375
0 0.2484375 0.80703125 0.11875 0.0828125
0 0.36796875 0.77734375 0.128125 0.14140625
0 0.45703125 0.69375 0.12421875 0.16796875
0 0.584375 0.62890625 0.10234375 0.209375
0 0.62734375 0.36796875 0.1265625 0.2765625
0 0.69921875 0.134375 0.16171875 0.26796875
0 0.61640625 0.0984375 0.1171875 0.196875
0 0.76796875 0.08515625 0.1015625 0.1703125
0 0.86640625 0.11015625 0.1703125 0.2203125
0 0.97265625 0.08671875 0.0546875 0.1734375
0 0.91796875 0.259375 0.15625 0.1765625
0 0.828125 0.4359375 0.13359375 0.2296875
0 0.7796875 0.309375 0.1359375 0.17109375
0 0.7171875 0.490625 0.16796875 0.209375
0 0.7375 0.7203125 0.1359375 0.25625
0 0.5484375 0.78046875 0.09765625 0.14140625
0 0.87890625 0.70859375 0.1359375 0.25
0 0.86953125 0.56875 0.125 0.17109375
0 0.9625 0.5890625 0.075 0.2296875
0 0.9609375 0.3671875 0.078125 0.2
0 0.53671875 0.3375 0.11875 0.19765625
0 0.653125 0.75234375 0.08515625 0.203125
0 0.609375 0.80546875 0.0796875 0.08515625
0 0.01171875 0.15703125 0.0234375 0.1453125
0 0.01953125 0.3140625 0.03828125 0.1265625
0 0.934375 0.8265625 0.13046875 0.05