0 0.4546875 0.1640625 0.171875 0.184375
0 0.2921875 0.22109375 0.18828125 0.22265625
0 0.11484375 0.26953125 0.21640625 0.1984375
0 0.0625 0.09921875 0.125 0.1984375
0 0.23515625 0.0515625 0.25625 0.103125
0 0.53359375 0.1265625 0.1578125 0.12890625
0 0.33125 0.44375 0.21953125 0.284375
0 0.13515625 0.50390625 0.1828125 0.265625
0 0.0515625 0.55703125 0.103125 0.215625
0 0.41640625 0.55234375 0.23515625 0.17734375
0 0.5390625 0.4140625 0.1296875 0.315625
0 0.73515625 0.403125 0.20234375 0.23203125
0 0.57265625 0.03125 0.19296875 0.0625
0 0.83046875 0.12890625 0.23515625 0.225
0 0.9484375 0.4140625 0.10234375 0.19609375
0 0.9640625 0.6 0.071875 0.18125
0 0.915625 0.75703125 0.11796875 0.16953125
0 0.959375 0.87421875 0.08125 0.06953125
0 0.74375 0.82421875 0.2125 0.15546875
0 0.71015625 0.70234375 0.209375 0.30859375
0 0.0734375 0.7875 0.146875 0.246875
0 0.840625 0.47734375 0.19140625 0.1796875
0 0.946875 0.06796875 0.10625 0.1359375
0 0.7375 0.0359375 0.0875 0.071875