0 0.50625 0.396875 0.134375 0.134375
0 0.7859375 0.38046875 0.1609375 0.13203125
0 0.41328125 0.3625 0.146875 0.20546875
0 0.92890625 0.290625 0.1421875 0.1390625
0 0.52109375 0.26484375 0.184375 0.1359375
0 0.42421875 0.11015625 0.146875 0.17890625
0 0.54453125 0.103125 0.16875 0.20625
0 0.3828125 0.5125 0.15234375 0.11328125
0 0.26328125 0.16328125 0.1125 0.2140625
0 0.36953125 0.221875 0.10703125 0.07734375
0 0.671875 0.253125 0.07734375 0.1515625
0 0.70859375 0.2625 0.09609375 0.1359375
0 0.8125 0.1484375 0.14296875 0.11171875
0 0.934375 0.15 0.1140625 0.2140625
0 0.83125 0.04609375 0.13046875 0.08515625
0 0.509375 0.521875 0.096875 0.1625
0 0.59765625 0.54765625 0.08984375 0.1875
0 0.74296875 0.5484375 0.19296875 0.18515625
0 0.90703125 0.55703125 0.1484375 0.13828125
0 0.2890625 0.5828125 0.15234375 0.14765625
0 0.034375 0.684375 0.06796875 0.18515625
0 0.06015625 0.41640625 0.11796875 0.14765625
0 0.10234375 0.28828125 0.12890625 0.1265625
0 0.08359375 0.090625 0.13984375 0.1546875
0 0.18359375 0.05703125 0.10390625 0.11328125
0 0.353125 0.08359375 0.0984375 0.1171875
0 0.01953125 0.2828125 0.0390625 0.1609375
0 0.121875 0.54375 0.1390625 0.11875
0 0.2828125 0.0359375 0.08984375 0.071875
0 0.04921875 0.02578125 0.09296875 0.05078125
0 0.1625 0.3734375 0.1359375 0.13046875
0 0.128125 0.73203125 0.11484375 0.2078125
0 0.32421875 0.71484375 0.1265625 0.1359375
0 0.2328125 0.78125 0.12109375 0.1359375
0 0.403125 0.79765625 0.1125 0.1515625
0 0.49609375 0.8265625 0.13203125 0.1515625
0 0.1171875 0.86171875 0.16484375 0.0890625
0 0.03828125 0.81875 0.0765625 0.09453125
0 0.40078125 0.63046875 0.15859375 0.1421875
0 0.48515625 0.7 0.11796875 0.14375
0 0.59453125 0.6640625 0.12109375 0.13984375
0 0.24140625 0.43125 0.1640625 0.1546875
0 0.28828125 0.3375 0.09296875 0.1078125
0 0.66015625 0.396875 0.12109375 0.1625
0 0.67890625 0.7671875 0.13359375 0.13046875
0 0.2703125 0.88515625 0.109375 0.053125
0 0.62265625 0.82734375 0.14296875 0.1609375
0 0.7125 0.84453125 0.14296875 0.134375
0 0.8546875 0.85859375 0.1234375 0.10234375
0 0.84296875 0.72109375 0.1375 0.15703125
0 0.9203125 0.778125 0.11640625 0.13828125
0 0.934375 0.646875 0.13125 0.14765625
0 0.671875 0.134375 0.11328125 0.10625