0 0.64765625 0.25625 0.22109375 0.1953125
0 0.428125 0.21953125 0.234375 0.25078125
0 0.29296875 0.3890625 0.2046875 0.18828125
0 0.08828125 0.2953125 0.1765625 0.228125
0 0.1390625 0.08828125 0.1875 0.1765625
0 0.33828125 0.0484375 0.2078125 0.096875
0 0.5421875 0.053125 0.18203125 0.10546875
0 0.0265625 0.096875 0.05234375 0.11953125
0 0.73203125 0.12109375 0.18046875 0.2
0 0.93203125 0.11640625 0.13515625 0.23203125
0 0.85 0.34375 0.2890625 0.25546875
0 0.76328125 0.53046875 0.20234375 0.190625
0 0.9375 0.515625 0.125 0.175
0 0.7984375 0.8328125 0.121875 0.15625
0 0.45625 0.82734375 0.165625 0.15859375
0 0.35078125 0.6625 0.146875 0.2578125
0 0.5234375 0.353125 0.18203125 0.16796875
0 0.18984375 0.61328125 0.2078125 0.16328125
0 0.1765625 0.78125 0.190625 0.17265625
0 0.07734375 0.83125 0.1546875 0.153125
0 0.20234375 0.86875 0.1625 0.08046875
0 0.44375 0.52890625 0.15546875 0.3453125
0 0.60859375 0.43046875 0.184375 0.1515625
0 0.93203125 0.77421875 0.11171875 0.2734375
0 0.2796875 0.2296875 0.20078125 0.22578125
0 0.57890625 0.59375 0.121875 0.2
0 0.028125 0.74921875 0.05546875 0.1546875