0 0.790625 0.42578125 0.16484375 0.203125
0 0.5015625 0.1953125 0.2296875 0.1734375
0 0.37265625 0.29296875 0.27421875 0.25078125
0 0.35625 0.521875 0.28828125 0.240625
0 0.30546875 0.12734375 0.171875 0.21328125
0 0.1421875 0.0796875 0.225 0.15859375
0 0.4609375 0.0484375 0.21640625 0.09609375
0 0.72578125 0.03515625 0.1703125 0.0703125
0 0.63671875 0.13046875 0.153125 0.15234375
0 0.62890625 0.29765625 0.196875 0.228125
0 0.934375 0.24765625 0.13046875 0.1609375
0 0.9125 0.615625 0.17421875 0.18203125
0 0.96328125 0.446875 0.0734375 0.1046875
0 0.60703125 0.4875 0.20546875 0.1546875
0 0.1265625 0.40859375 0.23515625 0.27421875
0 0.1078125 0.2234375 0.1984375 0.1796875
0 0.07578125 0.56640625 0.15078125 0.271875
0 0.0515625 0.73671875 0.103125 0.17265625
0 0.2421875 0.69765625 0.2390625 0.240625
0 0.21171875 0.8625 0.26875 0.11484375
0 0.43046875 0.82578125 0.17578125 0.184375
0 0.4234375 0.6546875 0.21796875 0.234375
0 0.66015625 0.61640625 0.225 0.1796875
0 0.8234375 0.7546875 0.2140625 0.184375
0 0.703125 0.87734375 0.1703125 0.08984375
0 0.61796875 0.7953125 0.21796875 0.24453125
0 0.9703125 0.76640625 0.05859375 0.19453125
0 0.90546875 0.88515625 0.18828125 0.0734375
0 0.04140625 0.86875 0.0828125 0.10234375