0 0.70703125 0.30625 0.178125 0.2125
0 0.51640625 0.46171875 0.240625 0.20390625
0 0.4 0.696875 0.1625 0.21484375
0 0.228125 0.70859375 0.15625 0.27265625
0 0.51796875 0.22734375 0.15625 0.1828125
0 0.38515625 0.35390625 0.2296875 0.2234375
0 0.55703125 0.6859375 0.171875 0.23203125
0 0.2125 0.5171875 0.215625 0.25546875
0 0.1390625 0.3640625 0.171875 0.165625
0 0.7703125 0.4234375 0.1921875 0.2
0 0.69609375 0.66796875 0.11875 0.15703125
0 0.3046875 0.146875 0.21875 0.20390625
0 0.13828125 0.07109375 0.2203125 0.1421875
0 0.33515625 0.05625 0.1421875 0.1125
0 0.4890625 0.07734375 0.23125 0.1546875
0 0.659375 0.08203125 0.1453125 0.1640625
0 0.84140625 0.215625 0.215625 0.24921875
0 0.94921875 0.46953125 0.1015625 0.2078125
0 0.9453125 0.62109375 0.109375 0.2015625
0 0.953125 0.79140625 0.09375 0.2140625
0 0.88046875 0.871875 0.10625 0.07265625
0 0.81875 0.6796875 0.1046875 0.38046875
0 0.7109375 0.80859375 0.1484375 0.2
0 0.4953125 0.86328125 0.275 0.0890625
0 0.08671875 0.709375 0.1296875 0.2703125
0 0.0515625 0.509375 0.10234375 0.1515625
0 0.93515625 0.284375 0.1296875 0.2078125
0 0.9609375 0.10625 0.078125 0.2125
0 0.82265625 0.05 0.175 0.1
0 0.05078125 0.22734375 0.1015625 0.225
0 0.03984375 0.80546875 0.0796875 0.2109375
0 0.21640625 0.865625 0.2203125 0.08046875