0 0.36328125 0.140625 0.23359375 0.203125
0 0.3296875 0.390625 0.1359375 0.18203125
0 0.11015625 0.37578125 0.1265625 0.2
0 0.0546875 0.2046875 0.10859375 0.196875
0 0.078125 0.07421875 0.10703125 0.1484375
0 0.26171875 0.0390625 0.29765625 0.078125
0 0.1390625 0.16171875 0.11796875 0.17890625
0 0.26796875 0.184375 0.1265625 0.284375
0 0.08671875 0.54765625 0.1734375 0.1875
0 0.21796875 0.61015625 0.221875 0.22109375
0 0.2421875 0.5375 0.12421875 0.1484375
0 0.38125 0.51171875 0.1796875 0.21171875
0 0.3703125 0.61875 0.16640625 0.184375
0 0.28984375 0.8234375 0.246875 0.16953125
0 0.08984375 0.775 0.1578125 0.1875
0 0.47890625 0.83984375 0.1578125 0.1359375
0 0.54296875 0.6828125 0.16640625 0.16640625
0 0.55 0.5234375 0.17109375 0.1875
0 0.50078125 0.42265625 0.0953125 0.190625
0 0.496875 0.23125 0.22421875 0.2515625
0 0.58046875 0.0890625 0.13984375 0.178125
0 0.7078125 0.54375 0.1625 0.2875
0 0.66328125 0.35546875 0.1359375 0.26328125
0 0.82578125 0.3953125 0.184375 0.184375
0 0.70546875 0.21484375 0.2203125 0.23046875
0 0.78828125 0.05703125 0.21328125 0.1140625
0 0.87421875 0.1484375 0.153125 0.19375
0 0.86875 0.31640625 0.1734375 0.21484375
0 0.815625 0.540625 0.1203125 0.16015625
0 0.903125 0.640625 0.11796875 0.1546875
0 0.78359375 0.7796875 0.06015625 0.1546875
0 0.65546875 0.834375 0.21328125 0.1546875
0 0.7046875 0.7265625 0.16015625 0.3328125
0 0.8390625 0.80078125 0.11328125 0.20859375
0 0.9578125 0.74140625 0.084375 0.12109375
0 0.9375 0.5234375 0.125 0.13359375
0 0.921875 0.034375 0.15546875 0.06875
0 0.9234375 0.8171875 0.0953125 0.103125