0 0.47109375 0.50234375 0.35390625 0.534375
0 0.2046875 0.42265625 0.32890625 0.3703125
0 0.6796875 0.453125 0.28359375 0.47734375
0 0.3875 0.15859375 0.27421875 0.31328125
0 0.73125 0.115625 0.31875 0.23125
0 0.10234375 0.13515625 0.2046875 0.2703125
0 0.8546875 0.55859375 0.28984375 0.42890625
0 0.928125 0.4859375 0.14375 0.40078125
0 0.90078125 0.18984375 0.19765625 0.37890625
0 0.08828125 0.51796875 0.1765625 0.3796875
0 0.24140625 0.7296875 0.3109375 0.35859375
0 0.51328125 0.79296875 0.21171875 0.22734375
0 0.7703125 0.77421875 0.340625 0.26953125
0 0.0578125 0.7859375 0.11484375 0.24140625
0 0.9421875 0.82734375 0.11484375 0.1640625