0 0.26484375 0.33046875 0.38671875 0.42890625
0 0.6140625 0.13984375 0.3375 0.2796875
0 0.9140625 0.196875 0.171875 0.309375
0 0.915625 0.39453125 0.16796875 0.20078125
0 0.76015625 0.60703125 0.36328125 0.46328125
0 0.54921875 0.81484375 0.23203125 0.15859375
0 0.1296875 0.7296875 0.259375 0.334375
0 0.03203125 0.4765625 0.06328125 0.38125
0 0.571875 0.43359375 0.246875 0.3171875
0 0.73203125 0.26328125 0.203125 0.25625
0 0.88359375 0.03828125 0.2265625 0.0765625
0 0.359375 0.04921875 0.20859375 0.09765625
0 0.10859375 0.0265625 0.20703125 0.053125
0 0.79765625 0.82578125 0.328125 0.12734375
0 0.94609375 0.65390625 0.1078125 0.3671875
0 0.2609375 0.84375 0.21171875 0.10078125