0 0.57578125 0.4203125 0.38671875 0.39140625
0 0.4359375 0.5859375 0.39140625 0.4734375
0 0.1421875 0.44765625 0.221875 0.43984375
0 0.9140625 0.53515625 0.17109375 0.49453125
0 0.81875 0.65390625 0.33125 0.4703125
0 0.78125 0.13671875 0.3359375 0.2734375
0 0.5140625 0.165625 0.39296875 0.33125
0 0.16015625 0.12421875 0.2328125 0.2484375
0 0.06015625 0.209375 0.1203125 0.2671875
0 0.07890625 0.54140625 0.15703125 0.1609375
0 0.1625 0.7578125 0.2796875 0.28828125
0 0.4875 0.87578125 0.321875 0.0640625