0 0.8765625 0.50859375 0.246875 0.3453125
0 0.3625 0.47734375 0.309375 0.31953125
0 0.13671875 0.540625 0.2734375 0.20703125
0 0.36640625 0.2296875 0.29375 0.2625
0 0.89609375 0.1828125 0.2078125 0.31484375
0 0.1078125 0.1671875 0.215625 0.334375
0 0.09765625 0.31640625 0.1953125 0.3015625
0 0.24609375 0.04375 0.1671875 0.0875
0 0.6296875 0.296875 0.26328125 0.29453125
0 0.77578125 0.703125 0.3390625 0.24609375
0 0.4671875 0.703125 0.275 0.24609375
0 0.61640625 0.48203125 0.2765625 0.278125
0 0.24296875 0.7640625 0.2765625 0.24375
0 0.06171875 0.77265625 0.1234375 0.2484375
0 0.3296875 0.87890625 0.2296875 0.06015625
0 0.5796875 0.87578125 0.2484375 0.07109375
0 0.64765625 0.09765625 0.2921875 0.1953125