0 0.9375 0.13828125 0.12421875 0.2765625
0 0.3578125 0.23671875 0.33359375 0.44921875
0 0.1109375 0.35859375 0.221875 0.425
0 0.103125 0.0859375 0.20625 0.171875
0 0.41015625 0.065625 0.23359375 0.13046875
0 0.71796875 0.07421875 0.38203125 0.1484375
0 0.80234375 0.45078125 0.32890625 0.2640625
0 0.66875 0.6890625 0.30234375 0.28515625
0 0.33671875 0.640625 0.36640625 0.33359375
0 0.0875 0.73359375 0.175 0.2671875
0 0.15234375 0.846875 0.2109375 0.115625
0 0.8484375 0.75703125 0.303125 0.3015625
0 0.9390625 0.6921875 0.121875 0.21875
0 0.49296875 0.85 0.3734375 0.103125
0 0.4640625 0.5328125 0.2265625 0.18515625