0 0.55390625 0.296875 0.421875 0.2765625
0 0.64296875 0.55390625 0.26953125 0.2203125
0 0.3515625 0.50625 0.3265625 0.3
0 0.0828125 0.4078125 0.165625 0.4453125
0 0.1765625 0.14609375 0.35234375 0.2921875
0 0.51015625 0.084375 0.2578125 0.16875
0 0.83515625 0.09609375 0.3296875 0.1921875
0 0.88671875 0.28046875 0.2265625 0.2765625
0 0.89296875 0.5109375 0.2140625 0.26640625
0 0.61015625 0.75390625 0.39921875 0.334375
0 0.334375 0.65703125 0.38984375 0.3515625
0 0.1171875 0.69609375 0.23359375 0.23828125
0 0.109375 0.853125 0.21875 0.128125
0 0.3109375 0.86015625 0.18359375 0.1171875
0 0.89140625 0.81015625 0.2171875 0.20859375