0 0.62890625 0.35546875 0.43203125 0.409375
0 0.89765625 0.19140625 0.2046875 0.29140625
0 0.36328125 0.1953125 0.39375 0.3421875
0 0.1328125 0.36015625 0.26484375 0.37109375
0 0.0390625 0.2140625 0.078125 0.215625
0 0.73828125 0.05859375 0.328125 0.1171875
0 0.34765625 0.60546875 0.38671875 0.41640625
0 0.0921875 0.72734375 0.184375 0.3640625
0 0.8046875 0.6234375 0.365625 0.328125
0 0.61015625 0.8828125 0.15625 0.05234375
0 0.9640625 0.84609375 0.071875 0.1140625
0 0.3640625 0.86875 0.20546875 0.08125