0 0.8140625 0.40390625 0.31875 0.48671875
0 0.38203125 0.584375 0.3703125 0.4171875
0 0.68359375 0.73515625 0.37421875 0.35546875
0 0.13125 0.8359375 0.2625 0.146875
0 0.1703125 0.50703125 0.340625 0.40234375
0 0.25390625 0.16640625 0.3234375 0.3265625
0 0.8 0.09453125 0.26875 0.1890625
0 0.4765625 0.0453125 0.4171875 0.090625
0 0.0671875 0.090625 0.134375 0.18046875
0 0.04609375 0.68046875 0.0921875 0.2421875
0 0.59921875 0.3078125 0.4625 0.48125
0 0.96171875 0.69609375 0.0765625 0.2265625
0 0.34609375 0.84375 0.1890625 0.128125
0 0.925 0.85078125 0.15 0.109375